7/12/2025 21:50:27;Alvaro;Carlos;David Buzón;Edu;Emilio;Fernando Lozano;Fernando Ramírez;Heradio;JA Valdivieso;Javier Mora;Juan Antonio;Juanjo;Luismi;Marcelo;Martín;Rafa;Ramon;Raúl Romera;Samuel;DD 1;DD 2;DD 3;DD 4;DD 5;DD 6
Girona-R.Vallecano.......1;2;1;1;1;2;1;2;1;1;1;1;2;1;1;1;X;X;1;1;1;X;;;;
Villarreal-Oviedo........2;1;1;1;1;1;1;1;1;1;X;1;X;1;1;1;1;1;1;1;1;;;;;
Alavés-Levante...........3;X;1;X;X;1;X;1;1;X;2;X;1;X;X;2;1;1;X;X;1;X;;;;
Mallorca-Barcelona.......4;2;2;2;2;2;2;2;2;2;X;2;2;2;2;2;2;2;2;2;2;;;;;
Valencia-R. Sociedad.....5;1;1;X;X;X;2;2;2;1;1;1;1;1;2;1;X;1;1;X;1;;;;;
Celta-Getafe.............6;1;1;1;1;X;1;1;X;1;X;1;X;1;1;1;1;1;1;1;1;;;;;
Athletic Club-Sevilla....7;1;1;1;1;1;1;1;1;1;1;X;1;1;1;X;1;1;1;1;1;;;;;
Espanyol-At.Madrid.......8;2;2;2;2;2;2;2;2;2;X;2;2;2;2;2;2;2;2;1;2;;;;;
Racing-Castellon.........9;1;1;1;1;1;1;1;1;1;1;1;1;1;1;X;X;1;1;1;1;;;;;
Malaga-Eibar.............10;X;X;2;X;1;X;X;2;X;2;1;1;1;X;1;2;1;X;2;X;2;;;;
Granada-Deportivo........11;1;X;1;1;1;1;X;1;1;X;X;2;X;2;X;1;X;1;1;X;;;;;
Cádiz-Mirandés...........12;2;1;1;1;1;1;1;1;1;1;1;1;2;1;1;X;1;1;1;1;;;;;
Huesca-Leganés...........13;2;X;X;2;1;X;2;X;1;X;2;1;X;1;1;2;X;2;2;X;2;;;;
Las Palmas-Andorra.......14;1;1;1;1;1;1;1;1;1;X;1;1;1;X;1;1;1;1;1;1;;;;;
;;;;;;;;;;;;;;;;;;;;;;;;;
Elche-Betis..............15;;;;;;;;;;;;;;;;;;;;0;2;;;;
;;;;;;;;;;;;;;;;;;;;;;;;;
Resultados;6;8;7;7;8;7;8;7;6;5;4;7;5;8;3;5;7;6;7;8;;0;;0;
Nº de unos;7;9;8;8;9;8;7;8;+0,10;5;8;8;8;7;8;6;9;9;9;;;;;;
;;;;;;;;;;;;;;;;;;;;;;;;;
;;;;;;;;;;;;;;;;;;;;;;;;;
;1;0;0;0;1;0;1;0;0;0;0;1;0;0;0;0;0;0;0;0;0;;;;
;1;1;1;1;1;1;1;1;1;0;1;0;1;1;1;1;1;1;1;1;;;;;
;0;1;0;0;1;0;1;1;0;0;0;1;0;0;0;1;1;0;0;1;0;;;;
;1;1;1;1;1;1;1;1;1;0;1;1;1;1;1;1;1;1;1;1;;;;;
;0;0;1;1;1;0;0;0;0;0;0;0;0;0;0;1;0;0;1;0;;;;;
;0;0;0;0;0;0;0;0;0;0;0;0;0;0;0;0;0;0;0;0;;;;;
;1;1;1;1;1;1;1;1;1;1;0;1;1;1;0;1;1;1;1;1;;;;;
;0;0;0;0;0;0;0;0;0;0;0;0;0;0;0;0;0;0;1;0;;;;;
;1;1;1;1;1;1;1;1;1;1;1;1;1;1;0;0;1;1;1;1;;;;;
;1;1;0;1;0;1;1;0;1;0;0;0;0;1;0;0;0;1;0;1;0;;;;
;0;0;0;0;0;0;0;0;0;0;0;1;0;1;0;0;0;0;0;0;;;;;
;0;1;1;1;1;1;1;1;1;1;1;1;0;1;1;0;1;1;1;1;;;;;
;0;1;1;0;0;1;0;1;0;1;0;0;1;0;0;0;1;0;0;1;0;;;;
;0;0;0;0;0;0;0;0;0;1;0;0;0;1;0;0;0;0;0;0;;;;;
;;;;;;;;;;;;;;;;;;;;;;;;;
;;;;;;;;;;;;;;;;;;;;;;;;;
;;;;;;;;;;;;;;;;;;;;;;;;;
;;;;;;;;;;;;;;;;;;;;;;;;;
;;;;;;;;;;;;;;;;;;;;;;;;;
;;;;;;;;;;;;;;;;;;;;;;;;;
;;;;;;;;;;;;;;;;;;;;;;;;;
;;;;;;;;;;;;;;;;;;;;;;;;;
;;;;;;;;;;;;;;;;;;;;;;;;;
;;;;;;;;;;;;;;;;;;;;;;;;;
;;;;;;;;;;;;;;;;;;;;;;;;;
;;;;;;;;;;;;;;;;;;;;;;;;;
;;;;;;;;;;;;;;;;;;;;;;;;;
;;;;;;;;;;;;;;;;;;;;;;;;;
;;;;;;;;;;;;;;;;;;;;;;;;;
;;;;;;;;;;;;;;;;;;;;;;;;;
;;;;;;;;;;;;;;;;;;;;;;;;;
;;;;;;;;;;;;;;;;;;;;;;;;;
;;;;;;;;;;;;;;;;;;;;;;;;;
;;;;;;;;;;;;;;;;;;;;;;;;;
;;;;;;;;;;;;;;;;;;;;;;;;;
;;;;;;;;;;;;;;;;;;;;;;;;;
;;;;;;;;;;;;;;;;;;;;;;;;;
;;;;;;;;;;;;;;;;;;;;;;;;;
;;;;;;;;;;;;;;;;;;;;;;;;;
;;;;;;;;;;;;;;;;;;;;;;;;;
;;;;;;;;;;;;;;;;;;;;;;;;;
;;;;;;;;;;;;;;;;;;;;;;;;;
;;;;;;;;;;;;;;;;;;;;;;;;;
;;;;;;;;;;;;;;;;;;;;;;;;;
;;;;;;;;;;;;;;;;;;;;;;;;;
;;;;;;;;;;;;;;;;;;;;;;;;;
;;;;;;;;;;;;;;;;;;;;;;;;;
;;;;;;;;;;;;;;;;;;;;;;;;;
;;;;;;;;;;;;;;;;;;;;;;;;;
;;;;;;;;;;;;;;;;;;;;;;;;;
;;;;;;;;;;;;;;;;;;;;;;;;;
;;;;;;;;;;;;;;;;;;;;;;;;;
;;;;;;;;;;;;;;;;;;;;;;;;;
;;;;;;;;;;;;;;;;;;;;;;;;;
;;;;;;;;;;;;;;;;;;;;;;;;;
;;;;;;;;;;;;;;;;;;;;;;;;;
;;;;;;;;;;;;;;;;;;;;;;;;;
;;;;;;;;;;;;;;;;;;;;;;;;;
;;;;;;;;;;;;;;;;;;;;;;;;;
;;;;;;;;;;;;;;;;;;;;;;;;;
;;;;;;;;;;;;;;;;;;;;;;;;;
;;;;;;;;;;;;;;;;;;;;;;;;;
;;;;;;;;;;;;;;;;;;;;;;;;;
;;;;;;;;;;;;;;;;;;;;;;;;;
;;;;;;;;;;;;;;;;;;;;;;;;;
;;;;;;;;;;;;;;;;;;;;;;;;;
;;;;;;;;;;;;;;;;;;;;;;;;;
;;;;;;;;;;;;;;;;;;;;;;;;;
;;;;;;;;;;;;;;;;;;;;;;;;;
;;;;;;;;;;;;;;;;;;;;;;;;;
;;;;;;;;;;;;;;;;;;;;;;;;;
;;;;;;;;;;;;;;;;;;;;;;;;;
;;;;;;;;;;;;;;;;;;;;;;;;;
;;;;;;;;;;;;;;;;;;;;;;;;;
;;;;;;;;;;;;;;;;;;;;;;;;;
;;;;;;;;;;;;;;;;;;;;;;;;;
;;;;;;;;;;;;;;;;;;;;;;;;;
;;;;;;;;;;;;;;;;;;;;;;;;;
;;;;;;;;;;;;;;;;;;;;;;;;;
7/12/2025 21:51:09;Alvaro;Carlos;David Buzón;Edu;Emilio;Fernando Lozano;Fernando Ramírez;Heradio;JA Valdivieso;Javier Mora;Juan Antonio;Juanjo;Luismi;Marcelo;Martín;Rafa;Ramon;Raúl Romera;Samuel;DD 1;DD 2;DD 3;DD 4;DD 5;DD 6
Mallorca-Celta...........1;2;2;1;X;X;1;2;2;X;1;1;1;x;2;X;1;X;1;X;X;2;;;;
At. Madrid-Elche.........2;1;1;1;1;1;1;1;1;1;1;1;1;1;1;1;1;1;1;1;1;;;;;
Levante-Barcelona........3;2;2;X;2;2;2;2;2;2;X;2;2;2;2;2;2;2;2;2;2;;;;;
Osasuna-Valencia.........4;X;X;1;X;1;X;X;1;1;X;1;X;2;2;2;X;X;2;X;1;X;;;;
R. Sociedad-Espanyol.....5;1;1;X;1;2;1;1;1;1;2;1;X;1;1;X;X;1;1;2;2;X;;;;
Villarreal-Girona........6;1;1;1;1;1;2;1;1;1;1;1;1;X;X;2;1;1;1;1;1;;;;;
Oviedo-R. Madrid.........7;2;2;2;2;2;2;2;2;2;2;2;2;2;2;2;2;2;2;2;2;;;;;
Athletic Club-Rayo V.....8;1;1;1;1;X;1;1;1;1;1;X;1;1;1;1;X;1;X;1;1;X;;;;
Mirandés-Huesca..........9;1;1;2;X;X;1;X;1;2;1;1;X;X;X;X;1;X;2;2;1;X;;;;
Ceuta-Sporting...........10;2;x;2;2;2;2;2;2;2;2;X;2;1;1;X;2;2;X;2;2;;;;;
Zaragoza-Andorra.........11;1;1;X;X;1;1;1;1;1;1;1;X;1;1;1;1;X;1;X;1;;;;;
Deportivo-Burgos.........12;1;1;1;X;X;1;1;1;X;X;1;1;1;1;1;1;X;1;1;1;X;;;;
Cult.Leonesa-Almería.....13;X;X;2;2;2;X;2;2;2;X;2;2;X;X;X;X;2;2;2;2;;;;;
Albacete-Racing..........14;2;2;2;2;X;1;1;X;2;1;X;1;1;1;2;1;X;1;X;X;2;;;;
;;;;;;;;;;;;;;;;;;;;;;;;;
Sevilla-Getafe...........15;;;;;;;;;;;;;;;;;;;;1;1;;;;
;;;;;;;;;;;;;;;;;;;;;;;;;
Resultados;6;5;9;9;8;4;6;7;11;5;5;7;4;3;6;5;8;5;8;11;;0;;0;
Nº de unos;7;7;6;4;4;8;7;8;6;7;8;6;7;7;4;7;4;7;4;;;;;;
;;;;;;;;;;;;;;;;;;;;;;;;;
;;;;;;;;;;;;;;;;;;;;;;;;;
;0;0;0;1;1;0;0;0;1;0;0;0;1;0;1;0;1;0;1;1;0;;;;
;0;0;0;0;0;0;0;0;0;0;0;0;0;0;0;0;0;0;0;0;;;;;
;1;1;0;1;1;1;1;1;1;0;1;1;1;1;1;1;1;1;1;1;;;;;
;0;0;1;0;1;0;0;1;1;0;1;0;0;0;0;0;0;0;0;1;0;;;;
;0;0;1;0;0;0;0;0;0;0;0;1;0;0;1;1;0;0;0;0;1;;;;
;1;1;1;1;1;0;1;1;1;1;1;1;0;0;0;1;1;1;1;1;;;;;
;1;1;1;1;1;1;1;1;1;1;1;1;1;1;1;1;1;1;1;1;;;;;
;1;1;1;1;0;1;1;1;1;1;0;1;1;1;1;0;1;0;1;1;0;;;;
;0;0;1;0;0;0;0;0;1;0;0;0;0;0;0;0;0;1;1;0;0;;;;
;1;0;1;1;1;1;1;1;1;1;0;1;0;0;0;1;1;0;1;1;;;;;
;0;0;0;0;0;0;0;0;0;0;0;0;0;0;0;0;0;0;0;0;;;;;
;0;0;0;1;1;0;0;0;1;1;0;0;0;0;0;0;1;0;0;0;1;;;;
;0;0;1;1;1;0;1;1;1;0;1;1;0;0;0;0;1;1;1;1;;;;;
;1;1;1;1;0;0;0;0;1;0;0;0;0;0;1;0;0;0;0;0;1;;;;
;;;;;;;;;;;;;;;;;;;;;;;;;
;;;;;;;;;;;;;;;;;;;;;;;;;
;;;;;;;;;;;;;;;;;;;;;;;;;
;;;;;;;;;;;;;;;;;;;;;;;;;
;;;;;;;;;;;;;;;;;;;;;;;;;
;;;;;;;;;;;;;;;;;;;;;;;;;
;;;;;;;;;;;;;;;;;;;;;;;;;
;;;;;;;;;;;;;;;;;;;;;;;;;
;;;;;;;;;;;;;;;;;;;;;;;;;
;;;;;;;;;;;;;;;;;;;;;;;;;
;;;;;;;;;;;;;;;;;;;;;;;;;
;;;;;;;;;;;;;;;;;;;;;;;;;
;;;;;;;;;;;;;;;;;;;;;;;;;
;;;;;;;;;;;;;;;;;;;;;;;;;
;;;;;;;;;;;;;;;;;;;;;;;;;
;;;;;;;;;;;;;;;;;;;;;;;;;
;;;;;;;;;;;;;;;;;;;;;;;;;
;;;;;;;;;;;;;;;;;;;;;;;;;
;;;;;;;;;;;;;;;;;;;;;;;;;
;;;;;;;;;;;;;;;;;;;;;;;;;
;;;;;;;;;;;;;;;;;;;;;;;;;
;;;;;;;;;;;;;;;;;;;;;;;;;
;;;;;;;;;;;;;;;;;;;;;;;;;
;;;;;;;;;;;;;;;;;;;;;;;;;
;;;;;;;;;;;;;;;;;;;;;;;;;
;;;;;;;;;;;;;;;;;;;;;;;;;
;;;;;;;;;;;;;;;;;;;;;;;;;
;;;;;;;;;;;;;;;;;;;;;;;;;
;;;;;;;;;;;;;;;;;;;;;;;;;
;;;;;;;;;;;;;;;;;;;;;;;;;
;;;;;;;;;;;;;;;;;;;;;;;;;
;;;;;;;;;;;;;;;;;;;;;;;;;
;;;;;;;;;;;;;;;;;;;;;;;;;
;;;;;;;;;;;;;;;;;;;;;;;;;
;;;;;;;;;;;;;;;;;;;;;;;;;
;;;;;;;;;;;;;;;;;;;;;;;;;
;;;;;;;;;;;;;;;;;;;;;;;;;
;;;;;;;;;;;;;;;;;;;;;;;;;
;;;;;;;;;;;;;;;;;;;;;;;;;
;;;;;;;;;;;;;;;;;;;;;;;;;
;;;;;;;;;;;;;;;;;;;;;;;;;
;;;;;;;;;;;;;;;;;;;;;;;;;
;;;;;;;;;;;;;;;;;;;;;;;;;
;;;;;;;;;;;;;;;;;;;;;;;;;
;;;;;;;;;;;;;;;;;;;;;;;;;
;;;;;;;;;;;;;;;;;;;;;;;;;
;;;;;;;;;;;;;;;;;;;;;;;;;
;;;;;;;;;;;;;;;;;;;;;;;;;
;;;;;;;;;;;;;;;;;;;;;;;;;
;;;;;;;;;;;;;;;;;;;;;;;;;
;;;;;;;;;;;;;;;;;;;;;;;;;
;;;;;;;;;;;;;;;;;;;;;;;;;
;;;;;;;;;;;;;;;;;;;;;;;;;
;;;;;;;;;;;;;;;;;;;;;;;;;
;;;;;;;;;;;;;;;;;;;;;;;;;
;;;;;;;;;;;;;;;;;;;;;;;;;
;;;;;;;;;;;;;;;;;;;;;;;;;
;;;;;;;;;;;;;;;;;;;;;;;;;
;;;;;;;;;;;;;;;;;;;;;;;;;
;;;;;;;;;;;;;;;;;;;;;;;;;
;;;;;;;;;;;;;;;;;;;;;;;;;
;;;;;;;;;;;;;;;;;;;;;;;;;
;;;;;;;;;;;;;;;;;;;;;;;;;
;;;;;;;;;;;;;;;;;;;;;;;;;
;;;;;;;;;;;;;;;;;;;;;;;;;
7/12/2025 21:52:19;Alvaro;Carlos;David Buzón;Edu;Emilio;Fernando Lozano;Fernando Ramírez;Heradio;JA Valdivieso;Javier Mora;Juan Antonio;Juanjo;Luismi;Marcelo;Martín;Rafa;Ramon;Raúl Romera;Samuel;DD 1;DD 2;DD 3;DD 4;DD 5;DD 6
Alavés-At. Madrid........1;2;2;2;2;2;2;X;2;2;X;2;X;2;2;2;2;2;1;2;2;;X;2;;
Oviedo-R. Sociedad.......2;2;1;2;X;X;2;2;X;X;1;2;1;2;2;2;2;X;X;X;X;;1;X;;
Girona-Sevilla...........3;2;2;1;X;2;1;X;X;X;2;1;X;X;1;1;2;X;1;1;X;;2;;;
R. Madrid-Mallorca.......4;1;1;1;1;1;1;1;1;1;1;1;1;1;1;1;1;1;1;1;1;;1;;;
Celta-Villarreal.........5;2;2;X;2;2;2;2;2;1;X;2;2;X;1;2;2;X;1;2;1;X;X;2;;
Betis-Athletic Club......6;X;1;1;1;1;1;X;2;X;1;X;1;X;2;X;1;X;X;X;X;1;1;X;;
Espanyol-Osasuna.........7;X;1;1;1;1;1;1;1;1;1;1;1;1;1;1;X;X;1;1;1;X;1;;;
Racing-Ceuta.............8;1;1;1;1;1;1;1;1;1;X;1;1;1;1;1;1;1;1;1;1;;1;;;
Valladolid-Córdoba.......9;1;X;1;X;1;X;1;1;1;X;1;1;1;1;1;1;1;1;1;1;;1;;;
Castellón-Zaragoza.......10;2;2;1;2;X;1;2;2;X;2;2;X;2;2;1;X;1;2;X;X;1;X;;;
Andorra-Burgos...........11;X;1;2;X;X;1;2;2;X;2;X;2;1;X;1;2;X;X;2;X;1;1;X;;
Cádiz-Albacete...........12;1;1;1;1;1;1;1;1;1;1;1;1;1;1;1;1;1;2;1;1;X;1;;;
Las Palmas-Málaga........13;1;2;1;2;X;X;1;1;1;X;1;X;X;X;1;X;X;1;2;1;;1;X;;
Granada-Mirandés.........14;1;1;1;1;2;1;1;1;1;X;1;1;1;1;X;1;1;1;1;1;X;X;2;;
;;;;;;;;;;;;;;;;;;;;;;;;;
Rayo V.-Barcelona........15;;;;;;;;;;;;;;;;;;;;1;2;;;;
;;;;;;;;;;;;;;;;;;;;;;;;;
Resultados;4;9;5;6;7;6;5;5;5;8;4;7;6;5;5;5;4;3;6;7;;11;;0;
Nº de unos;6;8;+0,10;6;6;9;7;7;8;5;8;8;7;8;9;6;6;9;7;;;;;;
;;;;;;;;;;;;;;;;;;;;;;;;;
;;;;;;;;;;;;;;;;;;;;;;;;;
;0;0;0;0;0;0;1;0;0;1;0;1;0;0;0;0;0;0;0;0;;1;0;;
;0;1;0;0;0;0;0;0;0;1;0;1;0;0;0;0;0;0;0;0;;1;0;;
;1;1;0;0;1;0;0;0;0;1;0;0;0;0;0;1;0;0;0;0;;1;;;
;1;1;1;1;1;1;1;1;1;1;1;1;1;1;1;1;1;1;1;1;;1;;;
;0;0;1;0;0;0;0;0;0;1;0;0;1;0;0;0;1;0;0;0;1;1;0;;
;0;0;0;0;0;0;0;1;0;0;0;0;0;1;0;0;0;0;0;0;0;0;0;;
;0;1;1;1;1;1;1;1;1;1;1;1;1;1;1;0;0;1;1;1;0;1;;;
;1;1;1;1;1;1;1;1;1;0;1;1;1;1;1;1;1;1;1;1;;1;;;
;0;1;0;1;0;1;0;0;0;1;0;0;0;0;0;0;0;0;0;0;;0;;;
;0;0;0;0;1;0;0;0;1;0;0;1;0;0;0;1;0;0;1;1;0;1;;;
;0;1;0;0;0;1;0;0;0;0;0;0;1;0;1;0;0;0;0;0;1;1;0;;
;1;1;1;1;1;1;1;1;1;1;1;1;1;1;1;1;1;0;1;1;0;1;;;
;0;1;0;1;0;0;0;0;0;0;0;0;0;0;0;0;0;0;1;0;;0;0;;
;0;0;0;0;1;0;0;0;0;0;0;0;0;0;0;0;0;0;0;0;0;0;1;;
;;;;;;;;;;;;;;;;;;;;;;;;;
;;;;;;;;;;;;;;;;;;;;;;;;;
;;;;;;;;;;;;;;;;;;;;;;;;;
;;;;;;;;;;;;;;;;;;;;;;;;;
;;;;;;;;;;;;;;;;;;;;;;;;;
;;;;;;;;;;;;;;;;;;;;;;;;;
;;;;;;;;;;;;;;;;;;;;;;;;;
;;;;;;;;;;;;;;;;;;;;;;;;;
;;;;;;;;;;;;;;;;;;;;;;;;;
;;;;;;;;;;;;;;;;;;;;;;;;;
;;;;;;;;;;;;;;;;;;;;;;;;;
;;;;;;;;;;;;;;;;;;;;;;;;;
;;;;;;;;;;;;;;;;;;;;;;;;;
;;;;;;;;;;;;;;;;;;;;;;;;;
;;;;;;;;;;;;;;;;;;;;;;;;;
;;;;;;;;;;;;;;;;;;;;;;;;;
;;;;;;;;;;;;;;;;;;;;;;;;;
;;;;;;;;;;;;;;;;;;;;;;;;;
;;;;;;;;;;;;;;;;;;;;;;;;;
;;;;;;;;;;;;;;;;;;;;;;;;;
;;;;;;;;;;;;;;;;;;;;;;;;;
;;;;;;;;;;;;;;;;;;;;;;;;;
;;;;;;;;;;;;;;;;;;;;;;;;;
;;;;;;;;;;;;;;;;;;;;;;;;;
;;;;;;;;;;;;;;;;;;;;;;;;;
;;;;;;;;;;;;;;;;;;;;;;;;;
;;;;;;;;;;;;;;;;;;;;;;;;;
;;;;;;;;;;;;;;;;;;;;;;;;;
;;;;;;;;;;;;;;;;;;;;;;;;;
;;;;;;;;;;;;;;;;;;;;;;;;;
;;;;;;;;;;;;;;;;;;;;;;;;;
;;;;;;;;;;;;;;;;;;;;;;;;;
;;;;;;;;;;;;;;;;;;;;;;;;;
;;;;;;;;;;;;;;;;;;;;;;;;;
;;;;;;;;;;;;;;;;;;;;;;;;;
;;;;;;;;;;;;;;;;;;;;;;;;;
;;;;;;;;;;;;;;;;;;;;;;;;;
;;;;;;;;;;;;;;;;;;;;;;;;;
;;;;;;;;;;;;;;;;;;;;;;;;;
;;;;;;;;;;;;;;;;;;;;;;;;;
;;;;;;;;;;;;;;;;;;;;;;;;;
;;;;;;;;;;;;;;;;;;;;;;;;;
;;;;;;;;;;;;;;;;;;;;;;;;;
;;;;;;;;;;;;;;;;;;;;;;;;;
;;;;;;;;;;;;;;;;;;;;;;;;;
;;;;;;;;;;;;;;;;;;;;;;;;;
;;;;;;;;;;;;;;;;;;;;;;;;;
;;;;;;;;;;;;;;;;;;;;;;;;;
;;;;;;;;;;;;;;;;;;;;;;;;;
;;;;;;;;;;;;;;;;;;;;;;;;;
;;;;;;;;;;;;;;;;;;;;;;;;;
;;;;;;;;;;;;;;;;;;;;;;;;;
;;;;;;;;;;;;;;;;;;;;;;;;;
;;;;;;;;;;;;;;;;;;;;;;;;;
;;;;;;;;;;;;;;;;;;;;;;;;;
;;;;;;;;;;;;;;;;;;;;;;;;;
;;;;;;;;;;;;;;;;;;;;;;;;;
;;;;;;;;;;;;;;;;;;;;;;;;;
;;;;;;;;;;;;;;;;;;;;;;;;;
;;;;;;;;;;;;;;;;;;;;;;;;;
;;;;;;;;;;;;;;;;;;;;;;;;;
;;;;;;;;;;;;;;;;;;;;;;;;;
;;;;;;;;;;;;;;;;;;;;;;;;;
;;;;;;;;;;;;;;;;;;;;;;;;;
;;;;;;;;;;;;;;;;;;;;;;;;;
7/12/2025 21:51:35;Alvaro;Carlos;David Buzón;Edu;Emilio;Fernando Lozano;Fernando Ramírez;Heradio;JA Valdivieso;Javier Mora;Juan Antonio;Juanjo;Luismi;Marcelo;Martín;Rafa;Ramon;Raúl Romera;Samuel;DD 1;DD 2;DD 3;DD 4;DD 5;DD 6
Alavés-At. Madrid........1;2;2;2;2;2;2;X;2;2;X;2;X;2;2;2;2;2;1;2;2;;X;2;;
Oviedo-R. Sociedad.......2;2;1;2;X;X;2;2;X;X;1;2;1;2;2;2;2;X;X;X;X;;1;X;;
Girona-Sevilla...........3;2;2;1;X;2;1;X;X;X;2;1;X;X;1;1;2;X;1;1;X;;2;;;
R. Madrid-Mallorca.......4;1;1;1;1;1;1;1;1;1;1;1;1;1;1;1;1;1;1;1;1;;1;;;
Celta-Villarreal.........5;2;2;X;2;2;2;2;2;1;X;2;2;X;1;2;2;X;1;2;1;X;X;2;;
Betis-Athletic Club......6;X;1;1;1;1;1;X;2;X;1;X;1;X;2;X;1;X;X;X;X;1;1;X;;
Espanyol-Osasuna.........7;X;1;1;1;1;1;1;1;1;1;1;1;1;1;1;X;X;1;1;1;X;1;;;
Racing-Ceuta.............8;1;1;1;1;1;1;1;1;1;X;1;1;1;1;1;1;1;1;1;1;;1;;;
Valladolid-Córdoba.......9;1;X;1;X;1;X;1;1;1;X;1;1;1;1;1;1;1;1;1;1;;1;;;
Castellón-Zaragoza.......10;2;2;1;2;X;1;2;2;X;2;2;X;2;2;1;X;1;2;X;X;1;X;;;
Andorra-Burgos...........11;X;1;2;X;X;1;2;2;X;2;X;2;1;X;1;2;X;X;2;X;1;1;X;;
Cádiz-Albacete...........12;1;1;1;1;1;1;1;1;1;1;1;1;1;1;1;1;1;2;1;1;X;1;;;
Las Palmas-Málaga........13;1;2;1;2;X;X;1;1;1;X;1;X;X;X;1;X;X;1;2;1;;1;X;;
Granada-Mirandés.........14;1;1;1;1;2;1;1;1;1;X;1;1;1;1;X;1;1;1;1;1;X;X;2;;
;;;;;;;;;;;;;;;;;;;;;;;;;
Rayo V.-Barcelona........15;;;;;;;;;;;;;;;;;;;;1;2;;;;
;;;;;;;;;;;;;;;;;;;;;;;;;
Resultados;4;9;5;6;7;6;5;5;5;8;4;7;6;5;5;5;4;3;6;7;;11;;0;
Nº de unos;6;8;+0,10;6;6;9;7;7;8;5;8;8;7;8;9;6;6;9;7;;;;;;
;;;;;;;;;;;;;;;;;;;;;;;;;
;;;;;;;;;;;;;;;;;;;;;;;;;
;0;0;0;0;0;0;1;0;0;1;0;1;0;0;0;0;0;0;0;0;;1;0;;
;0;1;0;0;0;0;0;0;0;1;0;1;0;0;0;0;0;0;0;0;;1;0;;
;1;1;0;0;1;0;0;0;0;1;0;0;0;0;0;1;0;0;0;0;;1;;;
;1;1;1;1;1;1;1;1;1;1;1;1;1;1;1;1;1;1;1;1;;1;;;
;0;0;1;0;0;0;0;0;0;1;0;0;1;0;0;0;1;0;0;0;1;1;0;;
;0;0;0;0;0;0;0;1;0;0;0;0;0;1;0;0;0;0;0;0;0;0;0;;
;0;1;1;1;1;1;1;1;1;1;1;1;1;1;1;0;0;1;1;1;0;1;;;
;1;1;1;1;1;1;1;1;1;0;1;1;1;1;1;1;1;1;1;1;;1;;;
;0;1;0;1;0;1;0;0;0;1;0;0;0;0;0;0;0;0;0;0;;0;;;
;0;0;0;0;1;0;0;0;1;0;0;1;0;0;0;1;0;0;1;1;0;1;;;
;0;1;0;0;0;1;0;0;0;0;0;0;1;0;1;0;0;0;0;0;1;1;0;;
;1;1;1;1;1;1;1;1;1;1;1;1;1;1;1;1;1;0;1;1;0;1;;;
;0;1;0;1;0;0;0;0;0;0;0;0;0;0;0;0;0;0;1;0;;0;0;;
;0;0;0;0;1;0;0;0;0;0;0;0;0;0;0;0;0;0;0;0;0;0;1;;
;;;;;;;;;;;;;;;;;;;;;;;;;
;;;;;;;;;;;;;;;;;;;;;;;;;
;;;;;;;;;;;;;;;;;;;;;;;;;
;;;;;;;;;;;;;;;;;;;;;;;;;
;;;;;;;;;;;;;;;;;;;;;;;;;
;;;;;;;;;;;;;;;;;;;;;;;;;
;;;;;;;;;;;;;;;;;;;;;;;;;
;;;;;;;;;;;;;;;;;;;;;;;;;
;;;;;;;;;;;;;;;;;;;;;;;;;
;;;;;;;;;;;;;;;;;;;;;;;;;
;;;;;;;;;;;;;;;;;;;;;;;;;
;;;;;;;;;;;;;;;;;;;;;;;;;
;;;;;;;;;;;;;;;;;;;;;;;;;
;;;;;;;;;;;;;;;;;;;;;;;;;
;;;;;;;;;;;;;;;;;;;;;;;;;
;;;;;;;;;;;;;;;;;;;;;;;;;
;;;;;;;;;;;;;;;;;;;;;;;;;
;;;;;;;;;;;;;;;;;;;;;;;;;
;;;;;;;;;;;;;;;;;;;;;;;;;
;;;;;;;;;;;;;;;;;;;;;;;;;
;;;;;;;;;;;;;;;;;;;;;;;;;
;;;;;;;;;;;;;;;;;;;;;;;;;
;;;;;;;;;;;;;;;;;;;;;;;;;
;;;;;;;;;;;;;;;;;;;;;;;;;
;;;;;;;;;;;;;;;;;;;;;;;;;
;;;;;;;;;;;;;;;;;;;;;;;;;
;;;;;;;;;;;;;;;;;;;;;;;;;
;;;;;;;;;;;;;;;;;;;;;;;;;
;;;;;;;;;;;;;;;;;;;;;;;;;
;;;;;;;;;;;;;;;;;;;;;;;;;
;;;;;;;;;;;;;;;;;;;;;;;;;
;;;;;;;;;;;;;;;;;;;;;;;;;
;;;;;;;;;;;;;;;;;;;;;;;;;
;;;;;;;;;;;;;;;;;;;;;;;;;
;;;;;;;;;;;;;;;;;;;;;;;;;
;;;;;;;;;;;;;;;;;;;;;;;;;
;;;;;;;;;;;;;;;;;;;;;;;;;
;;;;;;;;;;;;;;;;;;;;;;;;;
;;;;;;;;;;;;;;;;;;;;;;;;;
;;;;;;;;;;;;;;;;;;;;;;;;;
;;;;;;;;;;;;;;;;;;;;;;;;;
;;;;;;;;;;;;;;;;;;;;;;;;;
;;;;;;;;;;;;;;;;;;;;;;;;;
;;;;;;;;;;;;;;;;;;;;;;;;;
;;;;;;;;;;;;;;;;;;;;;;;;;
;;;;;;;;;;;;;;;;;;;;;;;;;
;;;;;;;;;;;;;;;;;;;;;;;;;
;;;;;;;;;;;;;;;;;;;;;;;;;
;;;;;;;;;;;;;;;;;;;;;;;;;
;;;;;;;;;;;;;;;;;;;;;;;;;
;;;;;;;;;;;;;;;;;;;;;;;;;
;;;;;;;;;;;;;;;;;;;;;;;;;
;;;;;;;;;;;;;;;;;;;;;;;;;
;;;;;;;;;;;;;;;;;;;;;;;;;
;;;;;;;;;;;;;;;;;;;;;;;;;
;;;;;;;;;;;;;;;;;;;;;;;;;
;;;;;;;;;;;;;;;;;;;;;;;;;
;;;;;;;;;;;;;;;;;;;;;;;;;
;;;;;;;;;;;;;;;;;;;;;;;;;
;;;;;;;;;;;;;;;;;;;;;;;;;
;;;;;;;;;;;;;;;;;;;;;;;;;
;;;;;;;;;;;;;;;;;;;;;;;;;
;;;;;;;;;;;;;;;;;;;;;;;;;
;;;;;;;;;;;;;;;;;;;;;;;;;
;;;;;;;;;;;;;;;;;;;;;;;;;
7/12/2025 21:52:02;Alvaro;Carlos;David Buzón;Edu;Emilio;Fernando Lozano;Fernando Ramírez;Heradio;JA Valdivieso;Javier Mora;Juan Antonio;Juanjo;Luismi;Marcelo;Martín;Rafa;Ramon;Raúl Romera;Samuel;DD 1;DD 2;DD 3;DD 4;DD 5;DD 6
Alavés-Sevilla...........1;2;2;X;X;2;1;1;1;2;2;2;1;1;2;2;2;X;X;X;2;X;X;2;;
Barcelona-Getafe.........2;1;1;1;1;1;1;1;2;1;1;1;X;1;1;1;1;1;1;1;1;;1;;;
Betis-Real Sociedad......3;1;1;1;1;1;1;X;X;2;1;1;1;2;X;1;1;1;1;1;1;;1;;;
Elche-Oviedo.............4;1;1;1;1;1;1;X;1;1;X;1;1;1;2;1;X;1;X;1;1;X;1;X;;
Girona-Levante...........5;1;2;X;1;1;X;X;X;X;2;2;2;X;1;1;X;1;1;2;2;1;1;X;;
Mallorca-At.Madrid.......6;2;2;2;2;2;2;1;2;2;1;2;2;2;2;2;2;2;1;2;2;X;X;2;;
Rayo Vallecano-Celta.....7;1;1;1;1;1;1;1;1;1;1;1;1;1;1;2;1;1;1;1;1;X;1;X;;
R.Madrid-Espanyol........8;1;1;1;1;1;1;1;X;1;1;1;1;1;1;1;1;1;1;1;1;;1;;;
Villarreal-Osasuna.......9;1;1;1;1;1;X;1;1;1;1;1;1;1;1;1;1;1;1;1;1;;1;;;
Albacete-Valladolid......10;2;X;2;2;2;2;2;2;X;X;X;X;2;X;X;X;2;2;X;X;;2;;;
Córdoba-Racing...........11;X;2;2;2;2;2;2;X;2;X;2;X;1;1;1;X;2;2;2;2;X;X;2;;
Deportivo-Huesca.........12;1;1;1;1;1;1;1;1;1;2;1;1;1;1;1;1;X;1;1;1;;1;;;
Almería-Sporting.........13;2;1;1;1;1;2;1;1;1;1;X;X;x;2;X;2;X;X;1;1;;1;;;
Málaga-Cádiz.............14;X;2;2;X;X;2;2;1;X;X;2;1;1;1;1;1;X;X;2;2;X;X;2;;
;;;;;;;;;;;;;;;;;;;;;;;;;
Valencia-Athletic Club...15;;;;;;;;;;;;;;;;;;;;2;1;;;;
;;;;;;;;;;;;;;;;;;;;;;;;;
Resultados;8;10;8;7;8;6;6;5;7;8;9;7;5;5;7;7;5;5;9;13;;12;;0;
Nº de unos;8;8;8;9;9;7;8;7;7;7;7;8;9;8;9;7;7;8;8;;;;;;
;;;;;;;;;;;;;;;;;;;;;;;;;
;;;;;;;;;;;;;;;;;;;;;;;;;
;1;1;0;0;1;0;0;0;1;1;1;0;0;1;1;1;0;0;0;1;0;0;1;;
;1;1;1;1;1;1;1;0;1;1;1;0;1;1;1;1;1;1;1;1;;1;;;
;1;1;1;1;1;1;0;0;0;1;1;1;0;0;1;1;1;1;1;1;;1;;;
;1;1;1;1;1;1;0;1;1;0;1;1;1;0;1;0;1;0;1;1;0;1;0;;
;0;1;0;0;0;0;0;0;0;1;1;1;0;0;0;0;0;0;1;1;0;0;0;;
;0;0;0;0;0;0;0;0;0;0;0;0;0;0;0;0;0;0;0;0;1;1;0;;
;0;0;0;0;0;0;0;0;0;0;0;0;0;0;0;0;0;0;0;0;1;0;1;;
;1;1;1;1;1;1;1;0;1;1;1;1;1;1;1;1;1;1;1;1;;1;;;
;1;1;1;1;1;0;1;1;1;1;1;1;1;1;1;1;1;1;1;1;;1;;;
;0;0;0;0;0;0;0;0;0;0;0;0;0;0;0;0;0;0;0;0;;0;;;
;1;0;0;0;0;0;0;1;0;1;0;1;0;0;0;1;0;0;0;0;1;1;0;;
;1;1;1;1;1;1;1;1;1;0;1;1;1;1;1;1;0;1;1;1;;1;;;
;0;1;1;1;1;0;1;1;1;1;0;0;0;0;0;0;0;0;1;1;;1;;;
;0;1;1;0;0;1;1;0;0;0;1;0;0;0;0;0;0;0;1;1;0;0;1;;
;;;;;;;;;;;;;;;;;;;;;;;;;
;;;;;;;;;;;;;;;;;;;;;;;;;
;;;;;;;;;;;;;;;;;;;;;;;;;
;;;;;;;;;;;;;;;;;;;;;;;;;
;;;;;;;;;;;;;;;;;;;;;;;;;
;;;;;;;;;;;;;;;;;;;;;;;;;
;;;;;;;;;;;;;;;;;;;;;;;;;
;;;;;;;;;;;;;;;;;;;;;;;;;
;;;;;;;;;;;;;;;;;;;;;;;;;
;;;;;;;;;;;;;;;;;;;;;;;;;
;;;;;;;;;;;;;;;;;;;;;;;;;
;;;;;;;;;;;;;;;;;;;;;;;;;
;;;;;;;;;;;;;;;;;;;;;;;;;
;;;;;;;;;;;;;;;;;;;;;;;;;
;;;;;;;;;;;;;;;;;;;;;;;;;
;;;;;;;;;;;;;;;;;;;;;;;;;
;;;;;;;;;;;;;;;;;;;;;;;;;
;;;;;;;;;;;;;;;;;;;;;;;;;
;;;;;;;;;;;;;;;;;;;;;;;;;
;;;;;;;;;;;;;;;;;;;;;;;;;
;;;;;;;;;;;;;;;;;;;;;;;;;
;;;;;;;;;;;;;;;;;;;;;;;;;
;;;;;;;;;;;;;;;;;;;;;;;;;
;;;;;;;;;;;;;;;;;;;;;;;;;
;;;;;;;;;;;;;;;;;;;;;;;;;
;;;;;;;;;;;;;;;;;;;;;;;;;
;;;;;;;;;;;;;;;;;;;;;;;;;
;;;;;;;;;;;;;;;;;;;;;;;;;
;;;;;;;;;;;;;;;;;;;;;;;;;
;;;;;;;;;;;;;;;;;;;;;;;;;
;;;;;;;;;;;;;;;;;;;;;;;;;
;;;;;;;;;;;;;;;;;;;;;;;;;
;;;;;;;;;;;;;;;;;;;;;;;;;
;;;;;;;;;;;;;;;;;;;;;;;;;
;;;;;;;;;;;;;;;;;;;;;;;;;
;;;;;;;;;;;;;;;;;;;;;;;;;
;;;;;;;;;;;;;;;;;;;;;;;;;
;;;;;;;;;;;;;;;;;;;;;;;;;
;;;;;;;;;;;;;;;;;;;;;;;;;
;;;;;;;;;;;;;;;;;;;;;;;;;
;;;;;;;;;;;;;;;;;;;;;;;;;
;;;;;;;;;;;;;;;;;;;;;;;;;
;;;;;;;;;;;;;;;;;;;;;;;;;
;;;;;;;;;;;;;;;;;;;;;;;;;
;;;;;;;;;;;;;;;;;;;;;;;;;
;;;;;;;;;;;;;;;;;;;;;;;;;
;;;;;;;;;;;;;;;;;;;;;;;;;
;;;;;;;;;;;;;;;;;;;;;;;;;
;;;;;;;;;;;;;;;;;;;;;;;;;
;;;;;;;;;;;;;;;;;;;;;;;;;
;;;;;;;;;;;;;;;;;;;;;;;;;
;;;;;;;;;;;;;;;;;;;;;;;;;
;;;;;;;;;;;;;;;;;;;;;;;;;
;;;;;;;;;;;;;;;;;;;;;;;;;
;;;;;;;;;;;;;;;;;;;;;;;;;
;;;;;;;;;;;;;;;;;;;;;;;;;
;;;;;;;;;;;;;;;;;;;;;;;;;
;;;;;;;;;;;;;;;;;;;;;;;;;
;;;;;;;;;;;;;;;;;;;;;;;;;
;;;;;;;;;;;;;;;;;;;;;;;;;
;;;;;;;;;;;;;;;;;;;;;;;;;
;;;;;;;;;;;;;;;;;;;;;;;;;
;;;;;;;;;;;;;;;;;;;;;;;;;
;;;;;;;;;;;;;;;;;;;;;;;;;
;;;;;;;;;;;;;;;;;;;;;;;;;
7/12/2025 21:53:06;Alvaro;Carlos;David Buzón;Edu;Emilio;Fernando Lozano;Fernando Ramírez;Heradio;JA Valdivieso;Javier Mora;Juan Antonio;Juanjo;Luismi;Marcelo;Martín;Rafa;Ramon;Raúl Romera;Samuel;DD 1;DD 2;DD 3;DD 4;DD 5;DD 6
Getafe-Levante...........1;1;1;1;1;X;1;1;1;1;1;1;1;1;1;1;1;1;1;1;1;x;1;X;;
Mallorca-Alavés..........2;X;X;X;2;1;2;X;X;2;1;X;2;X;X;X;1;X;2;X;X;1;1;;;
Villarreal-Athletic Club.3;X;1;1;1;1;2;1;1;2;X;X;1;1;2;1;X;1;1;2;1;2;1;X;;
Rayo V.-Sevilla..........4;1;X;1;X;2;1;1;1;X;X;1;X;2;2;X;X;X;1;X;X;1;1;2;;
Elche-Celta..............5;2;2;X;1;1;1;X;1;2;2;X;1;1;X;X;2;1;X;2;2;X;1;;;
Betis-Osasuna............6;1;1;1;X;X;1;1;1;1;1;1;1;2;1;1;1;X;1;1;1;x;1;X;;
Barcelona-R. Sociedad....7;1;1;1;1;1;1;1;1;1;X;1;1;1;1;1;1;1;1;1;1;;1;;;
Valencia-Oviedo..........8;1;1;1;1;1;X;1;1;1;1;1;1;1;1;1;1;1;1;1;1;;1;;;
Eibar-Deportivo..........9;X;2;X;X;X;2;2;2;X;X;2;X;2;2;2;2;2;X;2;2;;X;2;;
Racing-Andorra...........10;1;1;1;1;1;1;1;X;1;1;1;X;1;1;X;x;1;1;1;1;;1;;;
Las Palmas-Almería.......11;1;1;1;1;1;1;1;1;1;1;1;2;X;2;1;2;1;1;1;1;;1;;;
Burgos-Málaga............12;X;1;2;X;1;2;X;1;1;2;X;1;X;X;1;1;1;2;1;1;X;1;X;;
Cádiz-Ceuta..............13;1;1;1;1;1;1;1;1;1;1;1;1;1;1;1;1;1;X;1;1;;1;;;
Sporting-Albacete........14;1;1;1;1;X;1;X;X;X;1;1;X;1;1;1;X;1;2;1;1;;1;X;;
;;;;;;;;;;;;;;;;;;;;;;;;;
At. Madrid-R. Madrid.....15;X;2;1;1;2;2;2;2;2;2;1;2;2;2;2;2;2;2;2;0;2;;;;
;;;;;;;;;;;;;;;;;;;;;;;;;
Resultados;4;5;5;5;9;3;4;6;5;4;3;8;5;5;5;6;5;7;4;7;;10;;0;
Nº de unos;9;+0,10;+0,10;9;9;9;9;+0,10;8;8;9;8;8;7;9;7;+0,10;8;9;;;;;;
;;;;;;;;;;;;;;;;;;;;;;;;;
;;;;;;;;;;;;;;;;;;;;;;;;;
;0;0;0;0;1;0;0;0;0;0;0;0;0;0;0;0;0;0;0;0;1;0;1;;
;0;0;0;0;1;0;0;0;0;1;0;0;0;0;0;1;0;0;0;0;1;1;;;
;0;1;1;1;1;0;1;1;0;0;0;1;1;0;1;0;1;1;0;1;0;1;0;;
;0;0;0;0;1;0;0;0;0;0;0;0;1;1;0;0;0;0;0;0;0;0;1;;
;0;0;0;1;1;1;0;1;0;0;0;1;1;0;0;0;1;0;0;0;0;1;;;
;1;1;1;0;0;1;1;1;1;1;1;1;0;1;1;1;0;1;1;1;0;1;0;;
;1;1;1;1;1;1;1;1;1;0;1;1;1;1;1;1;1;1;1;1;;1;;;
;1;1;1;1;1;0;1;1;1;1;1;1;1;1;1;1;1;1;1;1;;1;;;
;1;0;1;1;1;0;0;0;1;1;0;1;0;0;0;0;0;1;0;0;;1;0;;
;0;0;0;0;0;0;0;0;0;0;0;0;0;0;0;0;0;0;0;0;;0;;;
;0;0;0;0;0;0;0;0;0;0;0;1;0;1;0;1;0;0;0;0;;0;;;
;0;1;0;0;1;0;0;1;1;0;0;1;0;0;1;1;1;0;1;1;0;1;0;;
;0;0;0;0;0;0;0;0;0;0;0;0;0;0;0;0;0;1;0;0;;0;;;
;0;0;0;0;0;0;0;0;0;0;0;0;0;0;0;0;0;1;0;0;;0;0;;
;;;;;;;;;;;;;;;;;;;;;;;;;
;;;;;;;;;;;;;;;;;;;;;;;;;
;;;;;;;;;;;;;;;;;;;;;;;;;
;;;;;;;;;;;;;;;;;;;;;;;;;
;;;;;;;;;;;;;;;;;;;;;;;;;
;;;;;;;;;;;;;;;;;;;;;;;;;
;;;;;;;;;;;;;;;;;;;;;;;;;
;;;;;;;;;;;;;;;;;;;;;;;;;
;;;;;;;;;;;;;;;;;;;;;;;;;
;;;;;;;;;;;;;;;;;;;;;;;;;
;;;;;;;;;;;;;;;;;;;;;;;;;
;;;;;;;;;;;;;;;;;;;;;;;;;
;;;;;;;;;;;;;;;;;;;;;;;;;
;;;;;;;;;;;;;;;;;;;;;;;;;
;;;;;;;;;;;;;;;;;;;;;;;;;
;;;;;;;;;;;;;;;;;;;;;;;;;
;;;;;;;;;;;;;;;;;;;;;;;;;
;;;;;;;;;;;;;;;;;;;;;;;;;
;;;;;;;;;;;;;;;;;;;;;;;;;
;;;;;;;;;;;;;;;;;;;;;;;;;
;;;;;;;;;;;;;;;;;;;;;;;;;
;;;;;;;;;;;;;;;;;;;;;;;;;
;;;;;;;;;;;;;;;;;;;;;;;;;
;;;;;;;;;;;;;;;;;;;;;;;;;
;;;;;;;;;;;;;;;;;;;;;;;;;
;;;;;;;;;;;;;;;;;;;;;;;;;
;;;;;;;;;;;;;;;;;;;;;;;;;
;;;;;;;;;;;;;;;;;;;;;;;;;
;;;;;;;;;;;;;;;;;;;;;;;;;
;;;;;;;;;;;;;;;;;;;;;;;;;
;;;;;;;;;;;;;;;;;;;;;;;;;
;;;;;;;;;;;;;;;;;;;;;;;;;
;;;;;;;;;;;;;;;;;;;;;;;;;
;;;;;;;;;;;;;;;;;;;;;;;;;
;;;;;;;;;;;;;;;;;;;;;;;;;
;;;;;;;;;;;;;;;;;;;;;;;;;
;;;;;;;;;;;;;;;;;;;;;;;;;
;;;;;;;;;;;;;;;;;;;;;;;;;
;;;;;;;;;;;;;;;;;;;;;;;;;
;;;;;;;;;;;;;;;;;;;;;;;;;
;;;;;;;;;;;;;;;;;;;;;;;;;
;;;;;;;;;;;;;;;;;;;;;;;;;
;;;;;;;;;;;;;;;;;;;;;;;;;
;;;;;;;;;;;;;;;;;;;;;;;;;
;;;;;;;;;;;;;;;;;;;;;;;;;
;;;;;;;;;;;;;;;;;;;;;;;;;
;;;;;;;;;;;;;;;;;;;;;;;;;
;;;;;;;;;;;;;;;;;;;;;;;;;
;;;;;;;;;;;;;;;;;;;;;;;;;
;;;;;;;;;;;;;;;;;;;;;;;;;
;;;;;;;;;;;;;;;;;;;;;;;;;
;;;;;;;;;;;;;;;;;;;;;;;;;
;;;;;;;;;;;;;;;;;;;;;;;;;
;;;;;;;;;;;;;;;;;;;;;;;;;
;;;;;;;;;;;;;;;;;;;;;;;;;
;;;;;;;;;;;;;;;;;;;;;;;;;
;;;;;;;;;;;;;;;;;;;;;;;;;
;;;;;;;;;;;;;;;;;;;;;;;;;
;;;;;;;;;;;;;;;;;;;;;;;;;
;;;;;;;;;;;;;;;;;;;;;;;;;
;;;;;;;;;;;;;;;;;;;;;;;;;
;;;;;;;;;;;;;;;;;;;;;;;;;
;;;;;;;;;;;;;;;;;;;;;;;;;
;;;;;;;;;;;;;;;;;;;;;;;;;
;;;;;;;;;;;;;;;;;;;;;;;;;
7/12/2025 21:53:24;Alvaro;Carlos;David Buzón;Edu;Emilio;Fernando Lozano;Fernando Ramírez;Heradio;JA Valdivieso;Javier Mora;Juan Antonio;Juanjo;Luismi;Marcelo;Martín;Rafa;Ramon;Raúl Romera;Samuel;DD 1;DD 2;DD 3;DD 4;DD 5;DD 6
Oviedo-Levante...........1;1;1;X;1;1;1;X;1;1;1;1;1;x;1;1;X;1;1;X;1;2;;;;
Girona-Valencia..........2;X;X;1;X;1;X;2;2;2;2;X;1;1;2;2;2;X;1;X;1;X;;;;
Athletic Club-Mallorca...3;1;1;1;1;1;1;1;1;1;1;1;X;1;1;1;1;1;1;1;1;;;;;
R. Madrid-Villarreal.....4;1;1;1;1;1;1;1;X;1;1;1;1;1;1;1;1;1;1;1;1;;;;;
Sevilla-Barcelona........5;2;2;2;2;2;2;2;2;2;X;2;2;2;2;2;2;2;2;2;2;;;;;
Alavés-Elche.............6;2;X;X;X;X;1;X;2;X;1;X;1;X;1;X;2;X;X;2;X;2;;;;
Espanyol-Betis...........7;2;2;2;X;1;1;1;1;2;X;X;2;1;1;1;X;X;X;1;1;X;;;;
R. Sociedad-Rayo V.......8;X;1;1;1;1;1;X;X;X;1;1;X;1;1;1;X;1;1;X;1;;;;;
Deportivo-Almería........9;1;1;1;1;1;1;1;1;1;1;X;1;2;1;1;1;1;1;1;1;;;;;
Andorra-Leganés..........10;1;1;X;1;X;2;2;X;1;X;X;1;x;2;1;X;1;2;1;1;X;;;;
Huesca-Burgos............11;X;1;X;X;X;1;2;X;1;1;X;2;1;X;X;2;X;X;2;1;X;;;;
Zaragoza-Córdoba.........12;1;x;2;2;X;1;1;X;2;1;1;X;1;1;X;1;X;1;1;X;;;;;
Racing-Málaga............13;1;1;1;1;1;1;1;1;X;1;1;1;x;2;1;2;1;1;X;1;;;;;
Las Palmas-Cádiz.........14;1;1;1;2;2;1;X;1;1;X;1;2;1;1;1;1;1;X;2;X;2;;;;
;;;;;;;;;;;;;;;;;;;;;;;;;
Celta-At. Madrid.........15;;;;;;;;;;;;;;;;;;;;1;1;;;;
;;;;;;;;;;;;;;;;;;;;;;;;;
Resultados;5;6;7;4;4;7;4;3;6;5;5;5;5;5;4;3;4;5;2;6;;0;;0;
Nº de unos;8;9;7;7;8;+0,20;6;6;7;9;7;7;8;9;9;5;8;8;6;;;;;;
;;;;;;;;;;;;;;;;;;;;;;;;;
;;;;;;;;;;;;;;;;;;;;;;;;;
;0;0;0;0;0;0;0;0;0;0;0;0;0;0;0;0;0;0;0;0;1;;;;
;0;0;1;0;1;0;0;0;0;0;0;1;1;0;0;0;0;1;0;1;0;;;;
;1;1;1;1;1;1;1;1;1;1;1;0;1;1;1;1;1;1;1;1;;;;;
;1;1;1;1;1;1;1;0;1;1;1;1;1;1;1;1;1;1;1;1;;;;;
;0;0;0;0;0;0;0;0;0;0;0;0;0;0;0;0;0;0;0;0;;;;;
;0;0;0;0;0;1;0;0;0;1;0;1;0;1;0;0;0;0;0;0;0;;;;
;1;1;1;0;0;0;0;0;1;0;0;1;0;0;0;0;0;0;0;0;0;;;;
;0;0;0;0;0;0;0;0;0;0;0;0;0;0;0;0;0;0;0;0;;;;;
;0;0;0;0;0;0;0;0;0;0;1;0;0;0;0;0;0;0;0;0;;;;;
;0;0;0;0;0;1;1;0;0;0;0;0;0;1;0;0;0;1;0;0;0;;;;
;0;1;0;0;0;1;0;0;1;1;0;0;1;0;0;0;0;0;0;1;0;;;;
;0;0;1;1;0;0;0;0;1;0;0;0;0;0;0;0;0;0;0;0;;;;;
;1;1;1;1;1;1;1;1;0;1;1;1;0;0;1;0;1;1;0;1;;;;;
;1;1;1;0;0;1;0;1;1;0;1;0;1;1;1;1;1;0;0;0;0;;;;
;;;;;;;;;;;;;;;;;;;;;;;;;
;;;;;;;;;;;;;;;;;;;;;;;;;
;;;;;;;;;;;;;;;;;;;;;;;;;
;;;;;;;;;;;;;;;;;;;;;;;;;
;;;;;;;;;;;;;;;;;;;;;;;;;
;;;;;;;;;;;;;;;;;;;;;;;;;
;;;;;;;;;;;;;;;;;;;;;;;;;
;;;;;;;;;;;;;;;;;;;;;;;;;
;;;;;;;;;;;;;;;;;;;;;;;;;
;;;;;;;;;;;;;;;;;;;;;;;;;
;;;;;;;;;;;;;;;;;;;;;;;;;
;;;;;;;;;;;;;;;;;;;;;;;;;
;;;;;;;;;;;;;;;;;;;;;;;;;
;;;;;;;;;;;;;;;;;;;;;;;;;
;;;;;;;;;;;;;;;;;;;;;;;;;
;;;;;;;;;;;;;;;;;;;;;;;;;
;;;;;;;;;;;;;;;;;;;;;;;;;
;;;;;;;;;;;;;;;;;;;;;;;;;
;;;;;;;;;;;;;;;;;;;;;;;;;
;;;;;;;;;;;;;;;;;;;;;;;;;
;;;;;;;;;;;;;;;;;;;;;;;;;
;;;;;;;;;;;;;;;;;;;;;;;;;
;;;;;;;;;;;;;;;;;;;;;;;;;
;;;;;;;;;;;;;;;;;;;;;;;;;
;;;;;;;;;;;;;;;;;;;;;;;;;
;;;;;;;;;;;;;;;;;;;;;;;;;
;;;;;;;;;;;;;;;;;;;;;;;;;
;;;;;;;;;;;;;;;;;;;;;;;;;
;;;;;;;;;;;;;;;;;;;;;;;;;
;;;;;;;;;;;;;;;;;;;;;;;;;
;;;;;;;;;;;;;;;;;;;;;;;;;
;;;;;;;;;;;;;;;;;;;;;;;;;
;;;;;;;;;;;;;;;;;;;;;;;;;
;;;;;;;;;;;;;;;;;;;;;;;;;
;;;;;;;;;;;;;;;;;;;;;;;;;
;;;;;;;;;;;;;;;;;;;;;;;;;
;;;;;;;;;;;;;;;;;;;;;;;;;
;;;;;;;;;;;;;;;;;;;;;;;;;
;;;;;;;;;;;;;;;;;;;;;;;;;
;;;;;;;;;;;;;;;;;;;;;;;;;
;;;;;;;;;;;;;;;;;;;;;;;;;
;;;;;;;;;;;;;;;;;;;;;;;;;
;;;;;;;;;;;;;;;;;;;;;;;;;
;;;;;;;;;;;;;;;;;;;;;;;;;
;;;;;;;;;;;;;;;;;;;;;;;;;
;;;;;;;;;;;;;;;;;;;;;;;;;
;;;;;;;;;;;;;;;;;;;;;;;;;
;;;;;;;;;;;;;;;;;;;;;;;;;
;;;;;;;;;;;;;;;;;;;;;;;;;
;;;;;;;;;;;;;;;;;;;;;;;;;
;;;;;;;;;;;;;;;;;;;;;;;;;
;;;;;;;;;;;;;;;;;;;;;;;;;
;;;;;;;;;;;;;;;;;;;;;;;;;
;;;;;;;;;;;;;;;;;;;;;;;;;
;;;;;;;;;;;;;;;;;;;;;;;;;
;;;;;;;;;;;;;;;;;;;;;;;;;
;;;;;;;;;;;;;;;;;;;;;;;;;
;;;;;;;;;;;;;;;;;;;;;;;;;
;;;;;;;;;;;;;;;;;;;;;;;;;
;;;;;;;;;;;;;;;;;;;;;;;;;
;;;;;;;;;;;;;;;;;;;;;;;;;
;;;;;;;;;;;;;;;;;;;;;;;;;
;;;;;;;;;;;;;;;;;;;;;;;;;
;;;;;;;;;;;;;;;;;;;;;;;;;
;;;;;;;;;;;;;;;;;;;;;;;;;
7/12/2025 21:53:47;Alvaro;Carlos;David Buzón;Edu;Emilio;Fernando Lozano;Fernando Ramírez;Heradio;JA Valdivieso;Javier Mora;Juan Antonio;Juanjo;Luismi;Marcelo;Martín;Rafa;Ramon;Raúl Romera;Samuel;DD 1;DD 2;DD 3;DD 4;DD 5;DD 6
Sevilla-Mallorca.........1;1;1;1;1;1;1;1;1;1;1;1;1;1;1;1;X;1;1;1;1;;;;;
Barcelona-Girona.........2;1;1;X;1;1;1;1;1;1;X;1;1;1;1;1;1;1;1;1;1;;;;;
Villarreal-Betis.........3;X;1;1;X;2;1;1;1;1;2;1;X;1;1;1;X;X;X;X;1;X;;;;
At. Madrid-Osasuna.......4;1;1;1;1;1;1;1;1;1;1;1;1;1;1;1;1;1;1;X;1;;;;;
Elche-Athletic Club......5;2;X;X;X;1;1;2;X;2;1;X;1;2;2;2;2;1;2;2;X;2;;;;
Celta-R. Sociedad........6;1;1;1;X;X;X;X;X;2;1;2;2;2;2;1;X;1;1;X;1;X;;;;
Levante-Rayo V...........7;2;X;1;X;2;2;2;X;2;X;X;1;x;X;2;2;X;1;1;X;2;;;;
Getafe-R. Madrid.........8;2;2;2;2;2;2;2;X;2;2;2;2;2;2;2;2;2;2;2;;2;;;;
Zaragoza-Cult.Leonesa....9;1;1;X;1;1;1;1;X;1;1;1;X;1;1;1;2;1;1;1;1;;;;;
Leganés-Málaga...........10;1;1;1;X;1;1;1;1;X;X;1;1;1;1;X;X;1;1;1;1;;;;;
Castellón-Albacete.......11;2;2;2;1;X;X;2;1;1;2;1;1;1;1;X;2;1;2;X;1;2;;;;
Valladolid-Sporting......12;X;1;1;1;1;1;1;1;1;X;2;X;X;2;1;1;1;X;1;1;X;;;;
Racing-Deportivo.........13;2;X;1;X;X;2;2;X;X;1;X;1;2;1;2;X;X;X;2;X;2;;;;
Córdoba-Almería..........14;2;1;2;1;X;X;2;2;X;X;1;X;1;1;X;X;X;1;2;;2;;;;
;;;;;;;;;;;;;;;;;;;;;;;;;
Alavés-Valencia..........15;;;;;;;;;;;;;;;;;;;;2;2;;;;
;;;;;;;;;;;;;;;;;;;;;;;;;
Resultados;7;6;6;6;7;7;7;5;5;5;6;7;4;6;5;9;6;6;5;9;;0;;0;
Nº de unos;6;9;8;7;7;8;7;7;7;6;8;8;8;9;7;3;9;8;6;;;;;;
;;;;;;;;;;;;;;;;;;;;;;;;;
;;;;;;;;;;;;;;;;;;;;;;;;;
;0;0;0;0;0;0;0;0;0;0;0;0;0;0;0;0;0;0;0;0;;;;;
;1;1;0;1;1;1;1;1;1;0;1;1;1;1;1;1;1;1;1;1;;;;;
;1;0;0;1;0;0;0;0;0;0;0;1;0;0;0;1;1;1;1;0;1;;;;
;1;1;1;1;1;1;1;1;1;1;1;1;1;1;1;1;1;1;0;1;;;;;
;0;1;1;1;0;0;0;1;0;0;1;0;0;0;0;0;0;0;0;1;0;;;;
;0;0;0;1;1;1;1;1;0;0;0;0;0;0;0;1;0;0;1;0;1;;;;
;1;0;0;0;1;1;1;0;1;0;0;0;0;0;1;1;0;0;0;0;1;;;;
;1;1;1;1;1;1;1;0;1;1;1;1;1;1;1;1;1;1;1;;1;;;;
;0;0;0;0;0;0;0;0;0;0;0;0;0;0;0;1;0;0;0;0;;;;;
;1;1;1;0;1;1;1;1;0;0;1;1;1;1;0;0;1;1;1;1;;;;;
;1;1;1;0;0;0;1;0;0;1;0;0;0;0;0;1;0;1;0;0;1;;;;
;0;0;0;0;0;0;0;0;0;0;1;0;0;1;0;0;0;0;0;0;0;;;;
;0;0;1;0;0;0;0;0;0;1;0;1;0;1;0;0;0;0;0;0;0;;;;
;0;0;0;0;1;1;0;0;1;1;0;1;0;0;1;1;1;0;0;;0;;;;
;;;;;;;;;;;;;;;;;;;;;;;;;
;;;;;;;;;;;;;;;;;;;;;;;;;
;;;;;;;;;;;;;;;;;;;;;;;;;
;;;;;;;;;;;;;;;;;;;;;;;;;
;;;;;;;;;;;;;;;;;;;;;;;;;
;;;;;;;;;;;;;;;;;;;;;;;;;
;;;;;;;;;;;;;;;;;;;;;;;;;
;;;;;;;;;;;;;;;;;;;;;;;;;
;;;;;;;;;;;;;;;;;;;;;;;;;
;;;;;;;;;;;;;;;;;;;;;;;;;
;;;;;;;;;;;;;;;;;;;;;;;;;
;;;;;;;;;;;;;;;;;;;;;;;;;
;;;;;;;;;;;;;;;;;;;;;;;;;
;;;;;;;;;;;;;;;;;;;;;;;;;
;;;;;;;;;;;;;;;;;;;;;;;;;
;;;;;;;;;;;;;;;;;;;;;;;;;
;;;;;;;;;;;;;;;;;;;;;;;;;
;;;;;;;;;;;;;;;;;;;;;;;;;
;;;;;;;;;;;;;;;;;;;;;;;;;
;;;;;;;;;;;;;;;;;;;;;;;;;
;;;;;;;;;;;;;;;;;;;;;;;;;
;;;;;;;;;;;;;;;;;;;;;;;;;
;;;;;;;;;;;;;;;;;;;;;;;;;
;;;;;;;;;;;;;;;;;;;;;;;;;
;;;;;;;;;;;;;;;;;;;;;;;;;
;;;;;;;;;;;;;;;;;;;;;;;;;
;;;;;;;;;;;;;;;;;;;;;;;;;
;;;;;;;;;;;;;;;;;;;;;;;;;
;;;;;;;;;;;;;;;;;;;;;;;;;
;;;;;;;;;;;;;;;;;;;;;;;;;
;;;;;;;;;;;;;;;;;;;;;;;;;
;;;;;;;;;;;;;;;;;;;;;;;;;
;;;;;;;;;;;;;;;;;;;;;;;;;
;;;;;;;;;;;;;;;;;;;;;;;;;
;;;;;;;;;;;;;;;;;;;;;;;;;
;;;;;;;;;;;;;;;;;;;;;;;;;
;;;;;;;;;;;;;;;;;;;;;;;;;
;;;;;;;;;;;;;;;;;;;;;;;;;
;;;;;;;;;;;;;;;;;;;;;;;;;
;;;;;;;;;;;;;;;;;;;;;;;;;
;;;;;;;;;;;;;;;;;;;;;;;;;
;;;;;;;;;;;;;;;;;;;;;;;;;
;;;;;;;;;;;;;;;;;;;;;;;;;
;;;;;;;;;;;;;;;;;;;;;;;;;
;;;;;;;;;;;;;;;;;;;;;;;;;
;;;;;;;;;;;;;;;;;;;;;;;;;
;;;;;;;;;;;;;;;;;;;;;;;;;
;;;;;;;;;;;;;;;;;;;;;;;;;
;;;;;;;;;;;;;;;;;;;;;;;;;
;;;;;;;;;;;;;;;;;;;;;;;;;
;;;;;;;;;;;;;;;;;;;;;;;;;
;;;;;;;;;;;;;;;;;;;;;;;;;
;;;;;;;;;;;;;;;;;;;;;;;;;
;;;;;;;;;;;;;;;;;;;;;;;;;
;;;;;;;;;;;;;;;;;;;;;;;;;
;;;;;;;;;;;;;;;;;;;;;;;;;
;;;;;;;;;;;;;;;;;;;;;;;;;
;;;;;;;;;;;;;;;;;;;;;;;;;
;;;;;;;;;;;;;;;;;;;;;;;;;
;;;;;;;;;;;;;;;;;;;;;;;;;
;;;;;;;;;;;;;;;;;;;;;;;;;
;;;;;;;;;;;;;;;;;;;;;;;;;
;;;;;;;;;;;;;;;;;;;;;;;;;
;;;;;;;;;;;;;;;;;;;;;;;;;
;;;;;;;;;;;;;;;;;;;;;;;;;
7/12/2025 21:54:07;Alvaro;Carlos;David Buzón;Edu;Emilio;Fernando Lozano;Fernando Ramírez;Heradio;JA Valdivieso;Javier Mora;Juan Antonio;Juanjo;Luismi;Marcelo;Martín;Rafa;Ramon;Raúl Romera;Samuel;DD 1;DD 2;DD 3;DD 4;DD 5;DD 6
Girona-Oviedo............1;1;1;1;1;1;1;X;X;1;X;1;1;1;1;1;X;1;1;1;X;;;;;
Espanyol-Elche...........2;1;1;1;X;X;X;1;1;1;1;1;1;X;1;1;1;X;1;1;1;;;;;
Athletic Club-Getafe.....3;1;1;X;1;1;1;1;X;1;1;1;X;1;1;1;1;1;1;1;1;;;;;
Valencia-Villarreal......4;2;X;2;X;1;2;2;2;X;X;X;2;2;1;1;2;X;X;2;2;;;;;
Mallorca-Levante.........5;1;X;X;X;X;2;X;1;1;X;1;X;X;X;1;1;X;X;X;1;X;;;;
Osasuna-Celta............6;X;X;2;1;1;X;X;1;2;2;1;1;1;2;2;X;1;2;X;X;;;;;
Rayo V.-Alavés...........7;1;1;1;X;1;2;1;1;2;1;1;X;1;1;X;1;1;1;1;1;;;;;
Betis-At. Madrid.........8;2;2;X;2;X;X;2;2;2;1;2;X;2;X;2;1;2;1;X;1;X;;;;
Granada-Cádiz............9;X;2;2;1;X;2;2;X;2;X;X;X;x;2;X;2;X;X;X;2;;;;;
Mirandés-Racing..........10;2;2;2;2;2;2;2;2;X;1;2;2;1;1;X;2;2;2;2;2;;;;;
Málaga-Andorra...........11;1;x;X;2;1;2;1;1;1;1;1;X;1;1;1;1;X;X;X;1;X;;;;
Sporting-Zaragoza........12;1;1;1;1;1;1;X;1;1;1;1;1;X;2;1;1;1;1;1;1;;;;;
Almería-Castellón........13;1;1;1;1;X;1;1;1;1;1;1;1;1;1;X;X;1;1;1;X;;;;;
Deportivo-Valladolid.....14;X;1;X;1;1;2;1;1;1;X;1;1;1;1;1;1;1;1;1;1;X;;;;
;;;;;;;;;;;;;;;;;;;;;;;;;
R. Madrid-Barcelona......15;X;2;2;X;1;1;1;X;2;1;2;1;1;1;1;1;1;1;2;1;0;;;;
;;;;;;;;;;;;;;;;;;;;;;;;;
Resultados;10;7;9;5;6;4;9;10;6;10;8;7;7;6;6;7;7;8;8;9;;0;;0;
Nº de unos;8;7;5;7;8;4;6;8;8;8;+0,10;6;8;9;8;8;7;8;7;;;;;;
;;;;;;;;;;;;;;;;;;;;;;;;;
;;;;;;;;;;;;;;;;;;;;;;;;;
;0;0;0;0;0;0;1;1;0;1;0;0;0;0;0;1;0;0;0;1;;;;;
;1;1;1;0;0;0;1;1;1;1;1;1;0;1;1;1;0;1;1;1;;;;;
;0;0;0;0;0;0;0;0;0;0;0;0;0;0;0;0;0;0;0;0;;;;;
;1;0;1;0;0;1;1;1;0;0;0;1;1;0;0;1;0;0;1;1;;;;;
;0;1;1;1;1;0;1;0;0;1;0;1;1;1;0;0;1;1;1;0;1;;;;
;0;0;1;0;0;0;0;0;1;1;0;0;0;1;1;0;0;1;0;0;;;;;
;1;1;1;0;1;0;1;1;0;1;1;0;1;1;0;1;1;1;1;1;;;;;
;1;1;0;1;0;0;1;1;1;0;1;0;1;0;1;0;1;0;0;0;0;;;;
;1;0;0;0;1;0;0;1;0;1;1;1;1;0;1;0;1;1;1;0;;;;;
;1;1;1;1;1;1;1;1;0;0;1;1;0;0;0;1;1;1;1;1;;;;;
;1;0;0;0;1;0;1;1;1;1;1;0;1;1;1;1;0;0;0;1;0;;;;
;1;1;1;1;1;1;0;1;1;1;1;1;0;0;1;1;1;1;1;1;;;;;
;1;1;1;1;0;1;1;1;1;1;1;1;1;1;0;0;1;1;1;0;;;;;
;1;0;1;0;0;0;0;0;0;1;0;0;0;0;0;0;0;0;0;0;1;;;;
;;;;;;;;;;;;;;;;;;;;;;;;;
;;;;;;;;;;;;;;;;;;;;;;;;;
;;;;;;;;;;;;;;;;;;;;;;;;;
;;;;;;;;;;;;;;;;;;;;;;;;;
;;;;;;;;;;;;;;;;;;;;;;;;;
;;;;;;;;;;;;;;;;;;;;;;;;;
;;;;;;;;;;;;;;;;;;;;;;;;;
;;;;;;;;;;;;;;;;;;;;;;;;;
;;;;;;;;;;;;;;;;;;;;;;;;;
;;;;;;;;;;;;;;;;;;;;;;;;;
;;;;;;;;;;;;;;;;;;;;;;;;;
;;;;;;;;;;;;;;;;;;;;;;;;;
;;;;;;;;;;;;;;;;;;;;;;;;;
;;;;;;;;;;;;;;;;;;;;;;;;;
;;;;;;;;;;;;;;;;;;;;;;;;;
;;;;;;;;;;;;;;;;;;;;;;;;;
;;;;;;;;;;;;;;;;;;;;;;;;;
;;;;;;;;;;;;;;;;;;;;;;;;;
;;;;;;;;;;;;;;;;;;;;;;;;;
;;;;;;;;;;;;;;;;;;;;;;;;;
;;;;;;;;;;;;;;;;;;;;;;;;;
;;;;;;;;;;;;;;;;;;;;;;;;;
;;;;;;;;;;;;;;;;;;;;;;;;;
;;;;;;;;;;;;;;;;;;;;;;;;;
;;;;;;;;;;;;;;;;;;;;;;;;;
;;;;;;;;;;;;;;;;;;;;;;;;;
;;;;;;;;;;;;;;;;;;;;;;;;;
;;;;;;;;;;;;;;;;;;;;;;;;;
;;;;;;;;;;;;;;;;;;;;;;;;;
;;;;;;;;;;;;;;;;;;;;;;;;;
;;;;;;;;;;;;;;;;;;;;;;;;;
;;;;;;;;;;;;;;;;;;;;;;;;;
;;;;;;;;;;;;;;;;;;;;;;;;;
;;;;;;;;;;;;;;;;;;;;;;;;;
;;;;;;;;;;;;;;;;;;;;;;;;;
;;;;;;;;;;;;;;;;;;;;;;;;;
;;;;;;;;;;;;;;;;;;;;;;;;;
;;;;;;;;;;;;;;;;;;;;;;;;;
;;;;;;;;;;;;;;;;;;;;;;;;;
;;;;;;;;;;;;;;;;;;;;;;;;;
;;;;;;;;;;;;;;;;;;;;;;;;;
;;;;;;;;;;;;;;;;;;;;;;;;;
;;;;;;;;;;;;;;;;;;;;;;;;;
;;;;;;;;;;;;;;;;;;;;;;;;;
;;;;;;;;;;;;;;;;;;;;;;;;;
;;;;;;;;;;;;;;;;;;;;;;;;;
;;;;;;;;;;;;;;;;;;;;;;;;;
;;;;;;;;;;;;;;;;;;;;;;;;;
;;;;;;;;;;;;;;;;;;;;;;;;;
;;;;;;;;;;;;;;;;;;;;;;;;;
;;;;;;;;;;;;;;;;;;;;;;;;;
;;;;;;;;;;;;;;;;;;;;;;;;;
;;;;;;;;;;;;;;;;;;;;;;;;;
;;;;;;;;;;;;;;;;;;;;;;;;;
;;;;;;;;;;;;;;;;;;;;;;;;;
;;;;;;;;;;;;;;;;;;;;;;;;;
;;;;;;;;;;;;;;;;;;;;;;;;;
;;;;;;;;;;;;;;;;;;;;;;;;;
;;;;;;;;;;;;;;;;;;;;;;;;;
;;;;;;;;;;;;;;;;;;;;;;;;;
;;;;;;;;;;;;;;;;;;;;;;;;;
;;;;;;;;;;;;;;;;;;;;;;;;;
;;;;;;;;;;;;;;;;;;;;;;;;;
;;;;;;;;;;;;;;;;;;;;;;;;;
;;;;;;;;;;;;;;;;;;;;;;;;;
7/12/2025 21:54:28;Alvaro;Carlos;David Buzón;Edu;Emilio;Fernando Lozano;Fernando Ramírez;Heradio;JA Valdivieso;Javier Mora;Juan Antonio;Juanjo;Luismi;Marcelo;Martín;Rafa;Ramon;Raúl Romera;Samuel;DD 1;DD 2;DD 3;DD 4;DD 5;DD 6
Villarreal-Rayo V........1;1;1;1;1;1;1;1;1;1;1;1;X;1;1;1;1;1;1;1;1;X;;;;
At. Madrid-Sevilla.......2;1;1;1;1;1;1;1;1;1;X;1;X;1;1;1;1;1;1;1;1;;;;;
R. Madrid-Valencia.......3;1;1;1;1;1;1;1;1;1;1;1;1;1;1;1;1;1;1;1;1;;;;;
Levante-Celta............4;X;X;2;X;2;X;X;X;2;X;X;2;X;2;X;2;2;1;2;X;2;;;;
Alavés-Espanyol..........5;2;1;1;X;X;X;2;2;X;2;X;2;1;2;X;X;2;2;2;2;X;;;;
Barcelona-Elche..........6;1;1;1;1;1;1;1;1;1;1;1;X;1;1;1;1;1;X;1;1;;;;;
Betis-Mallorca...........7;1;1;1;1;1;1;1;X;1;1;1;1;X;1;1;1;1;1;1;1;X;;;;
Oviedo-Osasuna...........8;1;2;2;2;X;2;2;X;2;1;2;2;1;X;X;X;2;2;X;1;X;;;;
Leganés-Burgos...........9;1;X;X;X;X;X;1;X;2;X;1;1;1;1;X;X;1;1;X;1;;;;;
Almería-Eibar............10;X;1;1;1;1;1;X;1;1;1;1;1;X;X;1;1;1;1;1;X;1;;;;
Andorra-Cádiz............11;2;2;2;2;1;X;2;2;2;2;2;X;2;1;2;2;2;2;2;2;X;;;;
Sporting-Las Palmas......12;1;2;2;X;1;2;1;X;2;X;1;1;1;1;1;1;X;X;X;1;;;;;
Castellón-Málaga.........13;2;2;X;X;1;1;2;X;1;2;2;X;2;2;X;X;2;2;X;2;;;;;
Zaragoza-Deportivo.......14;2;2;2;X;2;2;X;2;2;X;2;2;X;1;1;2;2;2;2;2;;;;;
;;;;;;;;;;;;;;;;;;;;;;;;;
R. Sociedad-Athletic Club15;;;;;;;;;;;;;;;;;;;;;;;;;
;;;;;;;;;;;;;;;;;;;;;;;;;
Resultados;6;8;9;7;10;9;5;8;10;6;7;6;5;7;7;9;9;7;10;10;;0;;0;
Nº de unos;8;7;7;6;9;7;7;5;7;6;8;5;8;9;8;7;7;7;6;;;;;;
;;;;;;;;;;;;;;;;;;;;;;;;;
;;;;;;;;;;;;;;;;;;;;;;;;;
;1;1;1;1;1;1;1;1;1;1;1;0;1;1;1;1;1;1;1;1;0;;;;
;1;1;1;1;1;1;1;1;1;0;1;0;1;1;1;1;1;1;1;1;;;;;
;1;1;1;1;1;1;1;1;1;1;1;1;1;1;1;1;1;1;1;1;;;;;
;0;0;1;0;1;0;0;0;1;0;0;1;0;1;0;1;1;0;1;0;1;;;;
;0;1;1;0;0;0;0;0;0;0;0;0;1;0;0;0;0;0;0;0;0;;;;
;1;1;1;1;1;1;1;1;1;1;1;0;1;1;1;1;1;0;1;1;;;;;
;1;1;1;1;1;1;1;0;1;1;1;1;0;1;1;1;1;1;1;1;0;;;;
;0;0;0;0;1;0;0;1;0;0;0;0;0;1;1;1;0;0;1;0;1;;;;
;0;0;0;0;0;0;0;0;1;0;0;0;0;0;0;0;0;0;0;0;;;;;
;0;1;1;1;1;1;0;1;1;1;1;1;0;0;1;1;1;1;1;0;1;;;;
;0;0;0;0;0;1;0;0;0;0;0;1;0;0;0;0;0;0;0;0;1;;;;
;0;0;0;1;0;0;0;1;0;1;0;0;0;0;0;0;1;1;1;0;;;;;
;0;0;0;0;1;1;0;0;1;0;0;0;0;0;0;0;0;0;0;0;;;;;
;1;1;1;0;1;1;0;1;1;0;1;1;0;0;0;1;1;1;1;1;;;;;
;;;;;;;;;;;;;;;;;;;;;;;;;
;;;;;;;;;;;;;;;;;;;;;;;;;
;;;;;;;;;;;;;;;;;;;;;;;;;
;;;;;;;;;;;;;;;;;;;;;;;;;
;;;;;;;;;;;;;;;;;;;;;;;;;
;;;;;;;;;;;;;;;;;;;;;;;;;
;;;;;;;;;;;;;;;;;;;;;;;;;
;;;;;;;;;;;;;;;;;;;;;;;;;
;;;;;;;;;;;;;;;;;;;;;;;;;
;;;;;;;;;;;;;;;;;;;;;;;;;
;;;;;;;;;;;;;;;;;;;;;;;;;
;;;;;;;;;;;;;;;;;;;;;;;;;
;;;;;;;;;;;;;;;;;;;;;;;;;
;;;;;;;;;;;;;;;;;;;;;;;;;
;;;;;;;;;;;;;;;;;;;;;;;;;
;;;;;;;;;;;;;;;;;;;;;;;;;
;;;;;;;;;;;;;;;;;;;;;;;;;
;;;;;;;;;;;;;;;;;;;;;;;;;
;;;;;;;;;;;;;;;;;;;;;;;;;
;;;;;;;;;;;;;;;;;;;;;;;;;
;;;;;;;;;;;;;;;;;;;;;;;;;
;;;;;;;;;;;;;;;;;;;;;;;;;
;;;;;;;;;;;;;;;;;;;;;;;;;
;;;;;;;;;;;;;;;;;;;;;;;;;
;;;;;;;;;;;;;;;;;;;;;;;;;
;;;;;;;;;;;;;;;;;;;;;;;;;
;;;;;;;;;;;;;;;;;;;;;;;;;
;;;;;;;;;;;;;;;;;;;;;;;;;
;;;;;;;;;;;;;;;;;;;;;;;;;
;;;;;;;;;;;;;;;;;;;;;;;;;
;;;;;;;;;;;;;;;;;;;;;;;;;
;;;;;;;;;;;;;;;;;;;;;;;;;
;;;;;;;;;;;;;;;;;;;;;;;;;
;;;;;;;;;;;;;;;;;;;;;;;;;
;;;;;;;;;;;;;;;;;;;;;;;;;
;;;;;;;;;;;;;;;;;;;;;;;;;
;;;;;;;;;;;;;;;;;;;;;;;;;
;;;;;;;;;;;;;;;;;;;;;;;;;
;;;;;;;;;;;;;;;;;;;;;;;;;
;;;;;;;;;;;;;;;;;;;;;;;;;
;;;;;;;;;;;;;;;;;;;;;;;;;
;;;;;;;;;;;;;;;;;;;;;;;;;
;;;;;;;;;;;;;;;;;;;;;;;;;
;;;;;;;;;;;;;;;;;;;;;;;;;
;;;;;;;;;;;;;;;;;;;;;;;;;
;;;;;;;;;;;;;;;;;;;;;;;;;
;;;;;;;;;;;;;;;;;;;;;;;;;
;;;;;;;;;;;;;;;;;;;;;;;;;
;;;;;;;;;;;;;;;;;;;;;;;;;
;;;;;;;;;;;;;;;;;;;;;;;;;
;;;;;;;;;;;;;;;;;;;;;;;;;
;;;;;;;;;;;;;;;;;;;;;;;;;
;;;;;;;;;;;;;;;;;;;;;;;;;
;;;;;;;;;;;;;;;;;;;;;;;;;
;;;;;;;;;;;;;;;;;;;;;;;;;
;;;;;;;;;;;;;;;;;;;;;;;;;
;;;;;;;;;;;;;;;;;;;;;;;;;
;;;;;;;;;;;;;;;;;;;;;;;;;
;;;;;;;;;;;;;;;;;;;;;;;;;
;;;;;;;;;;;;;;;;;;;;;;;;;
;;;;;;;;;;;;;;;;;;;;;;;;;
;;;;;;;;;;;;;;;;;;;;;;;;;
;;;;;;;;;;;;;;;;;;;;;;;;;
;;;;;;;;;;;;;;;;;;;;;;;;;
;;;;;;;;;;;;;;;;;;;;;;;;;
7/12/2025 21:54:53;Alvaro;Carlos;David Buzón;Edu;Emilio;Fernando Lozano;Fernando Ramírez;Heradio;JA Valdivieso;Javier Mora;Juan Antonio;Juanjo;Luismi;Marcelo;Martín;Rafa;Ramon;Raúl Romera;Samuel;DD 1;DD 2;DD 3;DD 4;DD 5;DD 6
Girona-Alavés............1;1;1;1;1;X;2;2;2;1;X;1;X;1;1;1;2;X;1;X;1;X;;;;
Sevilla-Osasuna..........2;1;1;X;1;1;1;X;X;1;1;1;X;X;1;1;X;1;1;1;1;;;;;
At. Madrid-Levante.......3;1;1;1;1;1;X;1;1;1;1;1;1;1;1;1;1;1;1;1;1;;;;;
Espanyol-Villarreal......4;2;2;2;X;1;2;X;2;X;X;X;2;2;2;2;X;X;1;1;1;X;;;;
Athletic Club-Oviedo.....5;1;1;1;1;X;1;1;1;1;2;1;1;1;1;1;1;1;1;1;1;;;;;
Valencia-Betis...........6;2;X;2;2;2;2;X;2;2;X;X;2;1;X;2;2;2;2;X;X;2;;;;
Mallorca-Getafe..........7;X;X;X;X;X;1;X;2;2;1;X;1;1;X;X;X;2;X;X;X;2;;;;
Celta-Barcelona..........8;2;2;1;2;1;2;2;2;2;X;2;2;2;2;2;2;2;1;2;2;;;;;
Huesca-Andorra...........9;1;1;1;X;X;1;1;1;1;1;1;X;1;1;1;X;1;X;X;1;X;;;;
Málaga-Córdoba...........10;1;2;2;2;X;1;1;1;X;1;2;1;1;1;1;1;2;X;2;X;2;;;;
Las Palmas-Racing........11;1;X;X;1;X;1;1;2;1;1;X;2;1;2;2;X;X;2;2;1;2;;;;
Ceuta-Almería............12;2;2;2;2;2;2;2;X;2;X;2;2;2;2;1;2;X;1;2;2;;;;;
Granada-Zaragoza.........13;1;1;1;X;X;1;1;1;X;2;1;1;2;2;2;1;1;1;X;X;;;;;
Cádiz-Valladolid.........14;1;1;1;X;X;1;X;1;X;1;X;1;1;1;2;1;X;1;2;X;;;;;
;;;;;;;;;;;;;;;;;;;;;;;;;
Rayo V.-R. Madrid........15;;;;;;;;;;;;;;;;;;;;1;M;;;;
;;;;;;;;;;;;;;;;;;;;;;;;;
Resultados;8;8;5;8;5;7;7;6;8;6;8;7;7;7;6;5;7;7;6;10;;0;;0;
Nº de unos;9;7;7;5;4;8;6;6;6;7;6;6;9;7;7;5;5;9;4;;;;;;
;;;;;;;;;;;;;;;;;;;;;;;;;
;;;;;;;;;;;;;;;;;;;;;;;;;
;1;1;1;1;0;0;0;0;1;0;1;0;1;1;1;0;0;1;0;1;0;;;;
;1;1;0;1;1;1;0;0;1;1;1;0;0;1;1;0;1;1;1;1;;;;;
;1;1;1;1;1;0;1;1;1;1;1;1;1;1;1;1;1;1;1;1;;;;;
;1;1;1;0;0;1;0;1;0;0;0;1;1;1;1;0;0;0;0;0;0;;;;
;1;1;1;1;0;1;1;1;1;0;1;1;1;1;1;1;1;1;1;1;;;;;
;0;1;0;0;0;0;1;0;0;1;1;0;0;1;0;0;0;0;1;1;0;;;;
;0;0;0;0;0;1;0;0;0;1;0;1;1;0;0;0;0;0;0;0;0;;;;
;1;1;0;1;0;1;1;1;1;0;1;1;1;1;1;1;1;0;1;1;;;;;
;0;0;0;1;1;0;0;0;0;0;0;1;0;0;0;1;0;1;1;0;1;;;;
;0;0;0;0;1;0;0;0;1;0;0;0;0;0;0;0;0;1;0;1;0;;;;
;1;0;0;1;0;1;1;0;1;1;0;0;1;0;0;0;0;0;0;1;0;;;;
;0;0;0;0;0;0;0;1;0;1;0;0;0;0;0;0;1;0;0;0;;;;;
;1;1;1;0;0;1;1;1;0;0;1;1;0;0;0;1;1;1;0;0;;;;;
;0;0;0;1;1;0;1;0;1;0;1;0;0;0;0;0;1;0;0;1;;;;;
;;;;;;;;;;;;;;;;;;;;;;;;;
;;;;;;;;;;;;;;;;;;;;;;;;;
;;;;;;;;;;;;;;;;;;;;;;;;;
;;;;;;;;;;;;;;;;;;;;;;;;;
;;;;;;;;;;;;;;;;;;;;;;;;;
;;;;;;;;;;;;;;;;;;;;;;;;;
;;;;;;;;;;;;;;;;;;;;;;;;;
;;;;;;;;;;;;;;;;;;;;;;;;;
;;;;;;;;;;;;;;;;;;;;;;;;;
;;;;;;;;;;;;;;;;;;;;;;;;;
;;;;;;;;;;;;;;;;;;;;;;;;;
;;;;;;;;;;;;;;;;;;;;;;;;;
;;;;;;;;;;;;;;;;;;;;;;;;;
;;;;;;;;;;;;;;;;;;;;;;;;;
;;;;;;;;;;;;;;;;;;;;;;;;;
;;;;;;;;;;;;;;;;;;;;;;;;;
;;;;;;;;;;;;;;;;;;;;;;;;;
;;;;;;;;;;;;;;;;;;;;;;;;;
;;;;;;;;;;;;;;;;;;;;;;;;;
;;;;;;;;;;;;;;;;;;;;;;;;;
;;;;;;;;;;;;;;;;;;;;;;;;;
;;;;;;;;;;;;;;;;;;;;;;;;;
;;;;;;;;;;;;;;;;;;;;;;;;;
;;;;;;;;;;;;;;;;;;;;;;;;;
;;;;;;;;;;;;;;;;;;;;;;;;;
;;;;;;;;;;;;;;;;;;;;;;;;;
;;;;;;;;;;;;;;;;;;;;;;;;;
;;;;;;;;;;;;;;;;;;;;;;;;;
;;;;;;;;;;;;;;;;;;;;;;;;;
;;;;;;;;;;;;;;;;;;;;;;;;;
;;;;;;;;;;;;;;;;;;;;;;;;;
;;;;;;;;;;;;;;;;;;;;;;;;;
;;;;;;;;;;;;;;;;;;;;;;;;;
;;;;;;;;;;;;;;;;;;;;;;;;;
;;;;;;;;;;;;;;;;;;;;;;;;;
;;;;;;;;;;;;;;;;;;;;;;;;;
;;;;;;;;;;;;;;;;;;;;;;;;;
;;;;;;;;;;;;;;;;;;;;;;;;;
;;;;;;;;;;;;;;;;;;;;;;;;;
;;;;;;;;;;;;;;;;;;;;;;;;;
;;;;;;;;;;;;;;;;;;;;;;;;;
;;;;;;;;;;;;;;;;;;;;;;;;;
;;;;;;;;;;;;;;;;;;;;;;;;;
;;;;;;;;;;;;;;;;;;;;;;;;;
;;;;;;;;;;;;;;;;;;;;;;;;;
;;;;;;;;;;;;;;;;;;;;;;;;;
;;;;;;;;;;;;;;;;;;;;;;;;;
;;;;;;;;;;;;;;;;;;;;;;;;;
;;;;;;;;;;;;;;;;;;;;;;;;;
;;;;;;;;;;;;;;;;;;;;;;;;;
;;;;;;;;;;;;;;;;;;;;;;;;;
;;;;;;;;;;;;;;;;;;;;;;;;;
;;;;;;;;;;;;;;;;;;;;;;;;;
;;;;;;;;;;;;;;;;;;;;;;;;;
;;;;;;;;;;;;;;;;;;;;;;;;;
;;;;;;;;;;;;;;;;;;;;;;;;;
;;;;;;;;;;;;;;;;;;;;;;;;;
;;;;;;;;;;;;;;;;;;;;;;;;;
;;;;;;;;;;;;;;;;;;;;;;;;;
;;;;;;;;;;;;;;;;;;;;;;;;;
;;;;;;;;;;;;;;;;;;;;;;;;;
;;;;;;;;;;;;;;;;;;;;;;;;;
;;;;;;;;;;;;;;;;;;;;;;;;;
;;;;;;;;;;;;;;;;;;;;;;;;;
;;;;;;;;;;;;;;;;;;;;;;;;;
7/12/2025 21:55:12;Alvaro;Carlos;David Buzón;Edu;Emilio;Fernando Lozano;Fernando Ramírez;Heradio;JA Valdivieso;Javier Mora;Juan Antonio;Juanjo;Luismi;Marcelo;Martín;Rafa;Ramon;Raúl Romera;Samuel;DD 1;DD 2;DD 3;DD 4;DD 5;DD 6
Alavés-Celta.............1;2;2;2;X;X;X;X;X;1;X;2;2;1;1;2;2;X;2;2;1;X;;;;
Barcelona-Athletic Club..2;1;1;X;1;1;1;1;X;1;1;1;X;1;2;1;1;1;2;1;1;;;;;
Osasuna-R. Sociedad......3;1;1;1;X;X;1;2;2;X;X;X;X;2;X;X;X;1;1;X;X;1;;;;
Villarreal-Mallorca......4;1;x;X;1;1;1;1;1;1;1;1;1;1;1;1;1;1;1;1;1;;;;;
Oviedo-Rayo V............5;2;2;2;X;2;2;2;2;2;1;X;1;X;2;X;2;2;X;2;2;;;;;
Betis-Girona.............6;1;1;1;1;1;1;1;1;1;1;1;1;2;1;1;1;1;1;X;1;;;;;
Getafe-At. Madrid........7;2;2;2;2;X;2;X;X;2;X;2;X;2;2;2;2;2;2;2;2;X;;;;
Elche-R. Madrid..........8;2;2;2;2;2;2;2;2;2;2;2;2;2;2;2;2;2;2;2;2;;;;;
Leganés-Almería..........9;X;2;X;2;X;X;1;2;2;1;X;2;X;1;1;X;X;1;X;2;X;;;;
Granada-Córdoba..........10;1;1;1;X;1;2;1;1;X;1;1;1;1;1;X;X;X;X;X;X;1;;;;
Deportivo-Ceuta..........11;1;1;1;1;1;1;1;1;1;1;1;1;1;1;1;1;1;1;1;1;;;;;
Huesca-Sporting..........12;X;1;1;1;1;1;1;2;2;2;1;2;1;2;X;X;2;1;2;2;X;;;;
Burgos-Racing............13;2;2;2;2;X;2;1;2;1;X;2;2;X;1;1;1;X;2;1;1;X;;;;
Málaga-Mirandés..........14;1;1;1;1;X;1;1;X;1;1;1;1;1;1;1;X;1;1;1;1;;;;;
;;;;;;;;;;;;;;;;;;;;;;;;;
Espanyol-Sevilla.........15;;;;;;;;;;;;;;;;;;;;1;1;;;;
;;;;;;;;;;;;;;;;;;;;;;;;;
Resultados;7;8;6;10;4;7;6;5;7;4;9;6;8;4;8;6;6;9;8;7;;0;;0;
Nº de unos;7;7;6;6;6;7;9;4;7;8;7;6;7;8;7;5;6;7;5;;;;;;
;;;;;;;;;;;;;;;;;;;;;;;;;
;;;;;;;;;;;;;;;;;;;;;;;;;
;1;1;1;0;0;0;0;0;0;0;1;1;0;0;1;1;0;1;1;0;0;;;;
;1;1;0;1;1;1;1;0;1;1;1;0;1;0;1;1;1;0;1;1;;;;;
;0;0;0;0;0;0;1;1;0;0;0;0;1;0;0;0;0;0;0;0;0;;;;
;1;0;0;1;1;1;1;1;1;1;1;1;1;1;1;1;1;1;1;1;;;;;
;0;0;0;1;0;0;0;0;0;0;1;0;1;0;1;0;0;1;0;0;;;;;
;0;0;0;0;0;0;0;0;0;0;0;0;0;0;0;0;0;0;1;0;;;;;
;1;1;1;1;0;1;0;0;1;0;1;0;1;1;1;1;1;1;1;1;0;;;;
;0;0;0;0;0;0;0;0;0;0;0;0;0;0;0;0;0;0;0;0;;;;;
;0;1;0;1;0;0;0;1;1;0;0;1;0;0;0;0;0;0;0;1;0;;;;
;0;0;0;1;0;0;0;0;1;0;0;0;0;0;1;1;1;1;1;1;0;;;;
;1;1;1;1;1;1;1;1;1;1;1;1;1;1;1;1;1;1;1;1;;;;;
;0;1;1;1;1;1;1;0;0;0;1;0;1;0;0;0;0;1;0;0;0;;;;
;1;1;1;1;0;1;0;1;0;0;1;1;0;0;0;0;0;1;0;0;0;;;;
;1;1;1;1;0;1;1;0;1;1;1;1;1;1;1;0;1;1;1;1;;;;;
;;;;;;;;;;;;;;;;;;;;;;;;;
;;;;;;;;;;;;;;;;;;;;;;;;;
;;;;;;;;;;;;;;;;;;;;;;;;;
;;;;;;;;;;;;;;;;;;;;;;;;;
;;;;;;;;;;;;;;;;;;;;;;;;;
;;;;;;;;;;;;;;;;;;;;;;;;;
;;;;;;;;;;;;;;;;;;;;;;;;;
;;;;;;;;;;;;;;;;;;;;;;;;;
;;;;;;;;;;;;;;;;;;;;;;;;;
;;;;;;;;;;;;;;;;;;;;;;;;;
;;;;;;;;;;;;;;;;;;;;;;;;;
;;;;;;;;;;;;;;;;;;;;;;;;;
;;;;;;;;;;;;;;;;;;;;;;;;;
;;;;;;;;;;;;;;;;;;;;;;;;;
;;;;;;;;;;;;;;;;;;;;;;;;;
;;;;;;;;;;;;;;;;;;;;;;;;;
;;;;;;;;;;;;;;;;;;;;;;;;;
;;;;;;;;;;;;;;;;;;;;;;;;;
;;;;;;;;;;;;;;;;;;;;;;;;;
;;;;;;;;;;;;;;;;;;;;;;;;;
;;;;;;;;;;;;;;;;;;;;;;;;;
;;;;;;;;;;;;;;;;;;;;;;;;;
;;;;;;;;;;;;;;;;;;;;;;;;;
;;;;;;;;;;;;;;;;;;;;;;;;;
;;;;;;;;;;;;;;;;;;;;;;;;;
;;;;;;;;;;;;;;;;;;;;;;;;;
;;;;;;;;;;;;;;;;;;;;;;;;;
;;;;;;;;;;;;;;;;;;;;;;;;;
;;;;;;;;;;;;;;;;;;;;;;;;;
;;;;;;;;;;;;;;;;;;;;;;;;;
;;;;;;;;;;;;;;;;;;;;;;;;;
;;;;;;;;;;;;;;;;;;;;;;;;;
;;;;;;;;;;;;;;;;;;;;;;;;;
;;;;;;;;;;;;;;;;;;;;;;;;;
;;;;;;;;;;;;;;;;;;;;;;;;;
;;;;;;;;;;;;;;;;;;;;;;;;;
;;;;;;;;;;;;;;;;;;;;;;;;;
;;;;;;;;;;;;;;;;;;;;;;;;;
;;;;;;;;;;;;;;;;;;;;;;;;;
;;;;;;;;;;;;;;;;;;;;;;;;;
;;;;;;;;;;;;;;;;;;;;;;;;;
;;;;;;;;;;;;;;;;;;;;;;;;;
;;;;;;;;;;;;;;;;;;;;;;;;;
;;;;;;;;;;;;;;;;;;;;;;;;;
;;;;;;;;;;;;;;;;;;;;;;;;;
;;;;;;;;;;;;;;;;;;;;;;;;;
;;;;;;;;;;;;;;;;;;;;;;;;;
;;;;;;;;;;;;;;;;;;;;;;;;;
;;;;;;;;;;;;;;;;;;;;;;;;;
;;;;;;;;;;;;;;;;;;;;;;;;;
;;;;;;;;;;;;;;;;;;;;;;;;;
;;;;;;;;;;;;;;;;;;;;;;;;;
;;;;;;;;;;;;;;;;;;;;;;;;;
;;;;;;;;;;;;;;;;;;;;;;;;;
;;;;;;;;;;;;;;;;;;;;;;;;;
;;;;;;;;;;;;;;;;;;;;;;;;;
;;;;;;;;;;;;;;;;;;;;;;;;;
;;;;;;;;;;;;;;;;;;;;;;;;;
;;;;;;;;;;;;;;;;;;;;;;;;;
;;;;;;;;;;;;;;;;;;;;;;;;;
;;;;;;;;;;;;;;;;;;;;;;;;;
;;;;;;;;;;;;;;;;;;;;;;;;;
;;;;;;;;;;;;;;;;;;;;;;;;;
;;;;;;;;;;;;;;;;;;;;;;;;;
;;;;;;;;;;;;;;;;;;;;;;;;;
7/12/2025 21:55:37;Alvaro;Carlos;David Buzón;Edu;Emilio;Fernando Lozano;Fernando Ramírez;Heradio;JA Valdivieso;Javier Mora;Juan Antonio;Juanjo;Luismi;Marcelo;Martín;Rafa;Ramon;Raúl Romera;Samuel;DD 1;DD 2;DD 3;DD 4;DD 5;DD 6
Mallorca-Osasuna.........1;1;1;1;X;1;1;X;1;1;1;1;2;1;1;1;1;1;1;1;1;;;;;
Barcelona-Alavés.........2;1;1;1;1;1;1;1;1;1;X;1;1;1;1;1;1;1;1;1;1;;;;;
Levante-Athletic Club....3;2;2;2;2;2;2;2;2;2;X;2;X;2;2;1;2;2;X;2;2;;;;;
At. Madrid-Oviedo........4;1;1;1;1;1;1;1;1;1;1;1;1;1;1;1;1;1;1;1;1;;;;;
R. Sociedad-Villarreal...5;2;1;1;X;X;1;X;2;X;1;1;1;1;1;2;X;1;1;X;1;X;;;;
Sevilla-Betis............6;X;X;2;X;X;X;2;X;X;1;X;X;x;2;1;2;X;1;2;X;2;;;;
Celta-Espanyol...........7;X;1;1;X;X;1;2;X;X;1;1;1;1;X;1;1;X;X;2;1;X;;;;
Girona-R. Madrid.........8;2;2;2;2;2;2;2;2;2;2;2;2;2;2;2;2;2;2;2;2;;;;;
Ceuta-Burgos.............9;2;2;2;X;2;2;2;2;1;2;1;X;1;X;X;X;1;1;2;X;2;;;;
Albacete-Deportivo.......10;2;2;X;2;X;1;2;2;2;1;2;2;X;2;X;2;2;2;2;X;2;;;;
Valladolid-Málaga........11;1;1;1;1;1;X;1;1;1;1;2;1;2;1;1;X;1;1;1;1;;;;;
Zaragoza-Leganés.........12;1;1;X;X;1;1;1;X;1;1;1;1;1;1;1;X;1;1;1;1;;;;;
Córdoba-Cádiz............13;2;2;2;1;X;1;2;1;X;2;2;2;x;1;1;2;1;X;X;1;2;;;;
Castellón-Las Palmas.....14;2;2;2;2;X;1;2;2;2;X;2;1;1;1;X;X;2;2;X;1;2;;;;
;;;;;;;;;;;;;;;;;;;;;;;;;
Rayo V.-Valencia.........15;;;;;;;;;;;;;;;;;;;;1;2;;;;
;;;;;;;;;;;;;;;;;;;;;;;;;
Resultados;7;6;5;5;4;6;9;5;6;3;7;6;6;7;4;7;6;5;7;8;;0;;0;
Nº de unos;5;7;6;4;5;9;4;5;6;8;7;7;8;8;9;4;8;8;4;;;;;;
;;;;;;;;;;;;;;;;;;;;;;;;;
;;;;;;;;;;;;;;;;;;;;;;;;;
;0;0;0;1;0;0;1;0;0;0;0;0;0;0;0;0;0;0;0;0;;;;;
;1;1;1;1;1;1;1;1;1;0;1;1;1;1;1;1;1;1;1;1;;;;;
;1;1;1;1;1;1;1;1;1;0;1;0;1;1;0;1;1;0;1;1;;;;;
;1;1;1;1;1;1;1;1;1;1;1;1;1;1;1;1;1;1;1;1;;;;;
;1;0;0;0;0;0;0;1;0;0;0;0;0;0;1;0;0;0;0;0;0;;;;
;0;0;1;0;0;0;1;0;0;0;0;0;0;1;0;1;0;0;1;0;1;;;;
;0;0;0;0;0;0;1;0;0;0;0;0;0;0;0;0;0;0;1;0;0;;;;
;0;0;0;0;0;0;0;0;0;0;0;0;0;0;0;0;0;0;0;0;;;;;
;0;0;0;0;0;0;0;0;1;0;1;0;1;0;0;0;1;1;0;0;0;;;;
;1;1;0;1;0;0;1;1;1;0;1;1;0;1;0;1;1;1;1;0;1;;;;
;0;0;0;0;0;1;0;0;0;0;0;0;0;0;0;1;0;0;0;0;;;;;
;1;1;0;0;1;1;1;0;1;1;1;1;1;1;1;0;1;1;1;1;;;;;
;1;1;1;0;0;0;1;0;0;1;1;1;0;0;0;1;0;0;0;0;1;;;;
;0;0;0;0;0;1;0;0;0;0;0;1;1;1;0;0;0;0;0;1;0;;;;
;;;;;;;;;;;;;;;;;;;;;;;;;
;;;;;;;;;;;;;;;;;;;;;;;;;
;;;;;;;;;;;;;;;;;;;;;;;;;
;;;;;;;;;;;;;;;;;;;;;;;;;
;;;;;;;;;;;;;;;;;;;;;;;;;
;;;;;;;;;;;;;;;;;;;;;;;;;
;;;;;;;;;;;;;;;;;;;;;;;;;
;;;;;;;;;;;;;;;;;;;;;;;;;
;;;;;;;;;;;;;;;;;;;;;;;;;
;;;;;;;;;;;;;;;;;;;;;;;;;
;;;;;;;;;;;;;;;;;;;;;;;;;
;;;;;;;;;;;;;;;;;;;;;;;;;
;;;;;;;;;;;;;;;;;;;;;;;;;
;;;;;;;;;;;;;;;;;;;;;;;;;
;;;;;;;;;;;;;;;;;;;;;;;;;
;;;;;;;;;;;;;;;;;;;;;;;;;
;;;;;;;;;;;;;;;;;;;;;;;;;
;;;;;;;;;;;;;;;;;;;;;;;;;
;;;;;;;;;;;;;;;;;;;;;;;;;
;;;;;;;;;;;;;;;;;;;;;;;;;
;;;;;;;;;;;;;;;;;;;;;;;;;
;;;;;;;;;;;;;;;;;;;;;;;;;
;;;;;;;;;;;;;;;;;;;;;;;;;
;;;;;;;;;;;;;;;;;;;;;;;;;
;;;;;;;;;;;;;;;;;;;;;;;;;
;;;;;;;;;;;;;;;;;;;;;;;;;
;;;;;;;;;;;;;;;;;;;;;;;;;
;;;;;;;;;;;;;;;;;;;;;;;;;
;;;;;;;;;;;;;;;;;;;;;;;;;
;;;;;;;;;;;;;;;;;;;;;;;;;
;;;;;;;;;;;;;;;;;;;;;;;;;
;;;;;;;;;;;;;;;;;;;;;;;;;
;;;;;;;;;;;;;;;;;;;;;;;;;
;;;;;;;;;;;;;;;;;;;;;;;;;
;;;;;;;;;;;;;;;;;;;;;;;;;
;;;;;;;;;;;;;;;;;;;;;;;;;
;;;;;;;;;;;;;;;;;;;;;;;;;
;;;;;;;;;;;;;;;;;;;;;;;;;
;;;;;;;;;;;;;;;;;;;;;;;;;
;;;;;;;;;;;;;;;;;;;;;;;;;
;;;;;;;;;;;;;;;;;;;;;;;;;
;;;;;;;;;;;;;;;;;;;;;;;;;
;;;;;;;;;;;;;;;;;;;;;;;;;
;;;;;;;;;;;;;;;;;;;;;;;;;
;;;;;;;;;;;;;;;;;;;;;;;;;
;;;;;;;;;;;;;;;;;;;;;;;;;
;;;;;;;;;;;;;;;;;;;;;;;;;
;;;;;;;;;;;;;;;;;;;;;;;;;
;;;;;;;;;;;;;;;;;;;;;;;;;
;;;;;;;;;;;;;;;;;;;;;;;;;
;;;;;;;;;;;;;;;;;;;;;;;;;
;;;;;;;;;;;;;;;;;;;;;;;;;
;;;;;;;;;;;;;;;;;;;;;;;;;
;;;;;;;;;;;;;;;;;;;;;;;;;
;;;;;;;;;;;;;;;;;;;;;;;;;
;;;;;;;;;;;;;;;;;;;;;;;;;
;;;;;;;;;;;;;;;;;;;;;;;;;
;;;;;;;;;;;;;;;;;;;;;;;;;
;;;;;;;;;;;;;;;;;;;;;;;;;
;;;;;;;;;;;;;;;;;;;;;;;;;
;;;;;;;;;;;;;;;;;;;;;;;;;
;;;;;;;;;;;;;;;;;;;;;;;;;
;;;;;;;;;;;;;;;;;;;;;;;;;
;;;;;;;;;;;;;;;;;;;;;;;;;
;;;;;;;;;;;;;;;;;;;;;;;;;
7/12/2025 21:55:58;Alvaro;Carlos;David Buzón;Edu;Emilio;Fernando Lozano;Fernando Ramírez;Heradio;JA Valdivieso;Javier Mora;Juan Antonio;Juanjo;Luismi;Marcelo;Martín;Rafa;Ramon;Raúl Romera;Samuel;DD 1;DD 2;DD 3;DD 4;DD 5;DD 6
Villarreal-Getafe........1;1;1;X;1;1;1;1;X;1;1;1;X;1;1;1;1;1;1;1;1;X;;;;
Alavés-R. Sociedad.......2;2;2;2;X;X;1;2;2;X;X;X;2;2;2;2;X;2;2;2;2;X;;;;
Betis-Barcelona..........3;X;2;1;2;X;2;2;2;2;1;2;X;2;2;2;1;2;1;1;2;;;;;
Elche-Girona.............4;X;1;1;X;1;X;X;1;1;1;1;1;1;1;2;1;X;1;X;X;2;;;;
Valencia-Sevilla.........5;X;1;X;X;1;1;1;X;X;X;X;1;1;1;1;X;X;X;X;1;;;;;
Espanyol-Rayo V..........6;2;X;X;1;2;1;1;1;1;1;X;1;1;1;1;1;1;1;1;1;X;;;;
R. Madrid-Celta..........7;1;1;1;1;1;1;1;1;1;1;1;1;1;1;1;1;1;1;1;1;;;;;
Osasuna-Levante..........8;1;X;1;1;X;1;1;1;1;X;1;2;X;X;2;X;1;X;X;1;;;;;
Andorra-Almería..........9;2;2;2;2;X;2;2;X;2;2;2;2;2;1;1;2;2;2;2;2;;;;;
Huesca-Valladolid........10;2;X;X;2;X;1;X;X;1;X;1;X;2;X;X;2;X;X;X;X;;;;;
Cádiz-Racing.............11;2;2;2;2;2;2;1;2;X;1;X;2;1;1;X;1;2;2;2;1;;;;;
Leganés-Córdoba..........12;1;X;2;X;1;X;1;X;2;1;X;1;1;1;X;X;X;1;X;1;;;;;
Deportivo-Castellón......13;1;1;1;1;1;1;1;1;1;1;1;1;1;1;1;1;1;1;1;1;;;;;
Granada-Ceuta............14;1;1;1;X;X;X;1;1;X;X;X;1;1;2;1;1;1;1;1;1;;;;;
;;;;;;;;;;;;;;;;;;;;;;;;;
Athletic Club-At. Madrid.15;;;;;;;;;;;;;;;;;;;;1;1;;;;
;;;;;;;;;;;;;;;;;;;;;;;;;
Resultados;5;6;4;7;3;6;3;5;5;4;6;3;5;3;3;6;6;5;5;3;;0;;0;
Nº de unos;6;6;6;5;6;8;9;6;7;8;6;7;9;9;7;8;6;8;5;;;;;;
;;;;;;;;;;;;;;;;;;;;;;;;;
;;;;;;;;;;;;;;;;;;;;;;;;;
;1;1;0;1;1;1;1;0;1;1;1;0;1;1;1;1;1;1;1;1;0;;;;
;0;0;0;0;0;1;0;0;0;0;0;0;0;0;0;0;0;0;0;0;0;;;;
;0;1;0;1;0;1;1;1;1;0;1;0;1;1;1;0;1;0;0;1;;;;;
;0;1;1;0;1;0;0;1;1;1;1;1;1;1;0;1;0;1;0;0;0;;;;
;1;0;1;1;0;0;0;1;1;1;1;0;0;0;0;1;1;1;1;0;;;;;
;0;0;0;0;0;0;0;0;0;0;0;0;0;0;0;0;0;0;0;0;0;;;;
;0;0;0;0;0;0;0;0;0;0;0;0;0;0;0;0;0;0;0;0;;;;;
;0;0;0;0;0;0;0;0;0;0;0;0;0;0;0;0;0;0;0;0;;;;;
;1;1;1;1;0;1;1;0;1;1;1;1;1;0;0;1;1;1;1;1;;;;;
;1;0;0;1;0;0;0;0;0;0;0;0;1;0;0;1;0;0;0;0;;;;;
;1;1;1;1;1;1;0;1;0;0;0;1;0;0;0;0;1;1;1;0;;;;;
;0;1;0;1;0;1;0;1;0;0;1;0;0;0;1;1;1;0;1;0;;;;;
;0;0;0;0;0;0;0;0;0;0;0;0;0;0;0;0;0;0;0;0;;;;;
;0;0;0;0;0;0;0;0;0;0;0;0;0;0;0;0;0;0;0;0;;;;;
;;;;;;;;;;;;;;;;;;;;;;;;;
;;;;;;;;;;;;;;;;;;;;;;;;;
;;;;;;;;;;;;;;;;;;;;;;;;;
;;;;;;;;;;;;;;;;;;;;;;;;;
;;;;;;;;;;;;;;;;;;;;;;;;;
;;;;;;;;;;;;;;;;;;;;;;;;;
;;;;;;;;;;;;;;;;;;;;;;;;;
;;;;;;;;;;;;;;;;;;;;;;;;;
;;;;;;;;;;;;;;;;;;;;;;;;;
;;;;;;;;;;;;;;;;;;;;;;;;;
;;;;;;;;;;;;;;;;;;;;;;;;;
;;;;;;;;;;;;;;;;;;;;;;;;;
;;;;;;;;;;;;;;;;;;;;;;;;;
;;;;;;;;;;;;;;;;;;;;;;;;;
;;;;;;;;;;;;;;;;;;;;;;;;;
;;;;;;;;;;;;;;;;;;;;;;;;;
;;;;;;;;;;;;;;;;;;;;;;;;;
;;;;;;;;;;;;;;;;;;;;;;;;;
;;;;;;;;;;;;;;;;;;;;;;;;;
;;;;;;;;;;;;;;;;;;;;;;;;;
;;;;;;;;;;;;;;;;;;;;;;;;;
;;;;;;;;;;;;;;;;;;;;;;;;;
;;;;;;;;;;;;;;;;;;;;;;;;;
;;;;;;;;;;;;;;;;;;;;;;;;;
;;;;;;;;;;;;;;;;;;;;;;;;;
;;;;;;;;;;;;;;;;;;;;;;;;;
;;;;;;;;;;;;;;;;;;;;;;;;;
;;;;;;;;;;;;;;;;;;;;;;;;;
;;;;;;;;;;;;;;;;;;;;;;;;;
;;;;;;;;;;;;;;;;;;;;;;;;;
;;;;;;;;;;;;;;;;;;;;;;;;;
;;;;;;;;;;;;;;;;;;;;;;;;;
;;;;;;;;;;;;;;;;;;;;;;;;;
;;;;;;;;;;;;;;;;;;;;;;;;;
;;;;;;;;;;;;;;;;;;;;;;;;;
;;;;;;;;;;;;;;;;;;;;;;;;;
;;;;;;;;;;;;;;;;;;;;;;;;;
;;;;;;;;;;;;;;;;;;;;;;;;;
;;;;;;;;;;;;;;;;;;;;;;;;;
;;;;;;;;;;;;;;;;;;;;;;;;;
;;;;;;;;;;;;;;;;;;;;;;;;;
;;;;;;;;;;;;;;;;;;;;;;;;;
;;;;;;;;;;;;;;;;;;;;;;;;;
;;;;;;;;;;;;;;;;;;;;;;;;;
;;;;;;;;;;;;;;;;;;;;;;;;;
;;;;;;;;;;;;;;;;;;;;;;;;;
;;;;;;;;;;;;;;;;;;;;;;;;;
;;;;;;;;;;;;;;;;;;;;;;;;;
;;;;;;;;;;;;;;;;;;;;;;;;;
;;;;;;;;;;;;;;;;;;;;;;;;;
;;;;;;;;;;;;;;;;;;;;;;;;;
;;;;;;;;;;;;;;;;;;;;;;;;;
;;;;;;;;;;;;;;;;;;;;;;;;;
;;;;;;;;;;;;;;;;;;;;;;;;;
;;;;;;;;;;;;;;;;;;;;;;;;;
;;;;;;;;;;;;;;;;;;;;;;;;;
;;;;;;;;;;;;;;;;;;;;;;;;;
;;;;;;;;;;;;;;;;;;;;;;;;;
;;;;;;;;;;;;;;;;;;;;;;;;;
;;;;;;;;;;;;;;;;;;;;;;;;;
;;;;;;;;;;;;;;;;;;;;;;;;;
;;;;;;;;;;;;;;;;;;;;;;;;;
;;;;;;;;;;;;;;;;;;;;;;;;;
;;;;;;;;;;;;;;;;;;;;;;;;;
;;;;;;;;;;;;;;;;;;;;;;;;;
